driver_id,season,event,driver,constructor,team,grid,v02_XW,v02_XP,regulation_era,race_distance_laps,wet_fraction,track_temperature,air_temperature,wind_speed,circuit_id,overtake_index,weather_source,round,date,source,observed_winner,position,status,positions_gained,overtake_proxy_raw,circuit_history_races,overtake_source,status_class,observed_performance,rating_eligible,pre_rating,season_reversion_delta,driver_expected_from_rating,driver_score_raw_revised,car_score_raw_revised,team_score_raw_revised,XdW_score_revised,XcW_score_revised,XtW_score_revised,car_effective_prior_races,XW,XP,expected_position,XW_simulated,XW_lower_95,XW_upper_95,XdW_score,XcW_score,XtW_score,XdW_probability_contribution,XcW_probability_contribution,XtW_probability_contribution,XdP_performance_contribution,XcP_performance_contribution,XtP_performance_contribution,XP_neutral_baseline,XW_neutral_baseline,XW_with_neutral_driver,XW_with_neutral_car,XW_with_neutral_team,driver_direct_uplift,car_direct_uplift,team_direct_uplift,driver_above_car_expectation,analysis_mode,neutral_reference,data_quality,model_confidence,decomposition_error,xp_decomposition_error,XW_raw_revised,XP_raw_revised,XW_neutral_revised,XP_neutral_revised,xw_calibration_shrinkage,xp_calibration_shrinkage,xw_calibration_adjustment,xp_calibration_adjustment,win_surprise,performance_surprise,raw_rating_delta,field_centering_adjustment,rating_delta,teammate_rating_delta,post_rating,model_version,car_prior_scope,rating_update_method,driver_name_key,driver_id_f1db,constructor_id_f1db,entrant_id,car_model_id,car_model_candidates,car_identity_resolution,model_entity_id,reason_retired_f1db,status_class_f1db,qualifying_position,qualifying_position_text,qualifying_eligible,qualifying_laps,qualifying_time,f1db_joined,clean_pass_proxy_eligible,clean_grid_rank,clean_finish_rank,clean_positions_gained,car_fit_eligible,field_performance,relative_performance,current_car_score_raw,constructor_prior_z_x,prior_weight_total_x,car_suitability_score_v6,expected_car_win_v6,car_model_scope_v6,car_prior_scope_v6,qualifying_rating_carried_v6,pre_qualifying_rating_v6,pre_session_strength,qualifying_delta_v6,pre_race_rating_v6,post_event_rating_v6,layout_key,straight_demand,altitude_demand,top_three_straight_share,straight_600_1000_track_share,straight_over_1000_track_share,radius_under_50_distance_share,radius_50_90_distance_share,radius_90_150_distance_share,radius_150_250_distance_share,radius_250_450_distance_share,steady_long_turn_distance_share,opposite_direction_links_per_km,same_direction_links_per_km,multi_turn_complexes_per_km,multi_apex_turns_per_km,tightening_turns_per_km,approach_severity_per_km,top_three_turning_share,current_car_score_raw_v7_6,constructor_prior_z_y,prior_weight_total_y,car_suitability_score_v7_6,expected_car_win_v7_6,car_model_scope_v7_6,car_prior_scope_v7_6,shape_topology_quality,car_suitability_model_branch_v7_6,car_suitability_score_v6_baseline,expected_car_win_v6_baseline,car_model_scope_v6_baseline,retrospective_pre_race_rating,driver_context_adjustment,result_order,finish_position_text,gap_laps,winner_race_time_seconds,winner_race_laps,cumulative_gap_share,cumulative_gap_reliability,cumulative_gap_quality,race_completion_fraction_v7_4,race_completion_reliability_v7_4,race_completion_quality_v7_4,pairwise_pre_race_strength_v7_4,field_xw_v7_4,margin_comparison_count,margin_comparison_weight,weighted_pair_gap_residual,same_car_margin_comparisons,eligible_timed_field_size,margin_race_completion_reliability,mean_pair_gap_residual_score,margin_pair_coverage,margin_field_depth_factor,raw_pairwise_margin_performance_adjustment,crossfit_car_margin_component,crossfit_car_margin_effective_rows,crossfit_car_margin_other_drivers,driver_margin_adjustment_before_centering,pairwise_margin_performance_adjustment,observed_performance_position_only,gap_adjusted_observed_performance,pairwise_margin_model,event_index,season_rounds,calendar_reference_rounds,calendar_k_multiplier,effective_race_k,effective_qualifying_k,effective_max_race_delta,effective_max_qualifying_delta,scheduled_race_k_budget,scheduled_qualifying_k_budget,retrospective_pre_qualifying_rating,retrospective_debut_anchor,inactivity_seasons,return_uncertainty_multiplier,driver_context_prior_samples,retrospective_qualifying_delta,retrospective_driver_expected_from_rating,retrospective_expected_performance,retrospective_performance_residual,retrospective_race_delta,retrospective_post_rating,retrospective_rating,debut_rating_frozen,rating_history_scope
michael_schumacher,2000,San Marino Grand Prix,Michael Schumacher,Ferrari,Ferrari,2,0.519097578088471,0.9613139578404098,1995-2005_3l_v10,62,0.0,16.860000000000003,16.860000000000003,2.5060000000000002,imola,0.7267118015177636,open_meteo_era5_air_temperature_track_proxy,3,2000-04-09,jolpica_cross_fitted_xw_xp,1.0,1,Finished,1.0,5.318281620309335,8,prior_same_circuit_grid_movement,finished,0.9946255755858021,True,2003.0647491712987,0.0,0.8742437023847887,3.769885937446927,0.5562009381033204,0.7323271062492108,1.6964486718511171,0.6952511726291505,0.10984906593738163,1.6013897965860493,0.25075870648847853,0.7262182558422527,6.7494166273126925,0.28,0.15554385832752168,0.40445614167247834,1.6964486718511171,0.6952511726291505,0.10984906593738163,0.17865074569468442,0.046858815221736586,0.006743056711799609,0.19084047689768374,0.06337304245043192,0.008648259118588094,0.6473597223022416,0.07656924326731296,0.09583114128102024,0.23425548284670802,0.3018603078381049,0.21299071961451335,0.07456637804882557,0.006961553057428682,0.21299071961451335,cross_fitted,season_grid_average,example_precomputed_capabilities,0.7069988020349103,2.7755575615628914e-17,0.0,0.3088218608955336,0.9102215007689454,0.07656924326731296,0.6473597223022416,0.24999999999999997,0.7,-0.05806315440705506,-0.18400324492669262,0.7492412935115215,0.27378174415774725,22.90986243911597,-2.3887748446249617,20.521087594491007,0.0,2023.5858367657897,revised_v3_parallel,prior_similar_races_current_season_only,field_centered_bounded_no_teammate_term,michaelschumacher,michael-schumacher,ferrari,scuderia-ferrari-marlboro,ferrari-f1-2000,ferrari-f1-2000,exact_chassis,ferrari-f1-2000,,finished,2.0,2,True,11.0,1:24.805,True,True,2.0,1.0,1.0,True,0.6041666666666667,0.39583333333333326,0.2822727176432512,1.6702995780986152,0.09048730200927481,0.9077981016634002,0.3721436078103492,full_same_season_static_retrospective_baseline_plus_shape_distributions_v9,constructor_lineage_regulation_and_stability_shrunk,104.04794087346507,2107.112690044764,1822.3857415616385,0.11204844999858468,2107.2247384947623,2127.745826089253,3c8c9f0a75e55727,0.3705940867642995,0.0156,0.20263424518743667,0.0,0.0,0.22095671981776766,0.13895216400911162,0.3712984054669704,0.15945330296127563,0.10933940774487472,0.0851063829787234,1.6210739614994936,0.0,1.2158054711246202,0.0,0.8105369807497468,3.11969410703195,0.6042481692396054,0.27658351490085836,1.6702995780986152,0.09048730200927481,0.9077981016634002,0.3721436078103492,full_same_season_static_retrospective_baseline_plus_shape_distributions_v9,constructor_lineage_regulation_and_stability_shrunk,high,baseline_plus_shape_distributions_v9,1.7414405906339072,0.3378416246922098,full_same_season_static_retrospective,1750.8992702034202,0.04114581946717741,1,1,,5499.776,62.0,0.0,1.0,winner_origin,,1.0,scheduled_distance_unavailable_assume_full,1844.6249180077011,0.12763105554409065,13.0,12.0,0.06936640749916613,1.0,14.0,1.0,0.005780533958263844,1.0,0.8271701918685112,0.0019125941533438193,0.0026433914842711567,10.650579961317627,1,-0.0007307973309273374,-0.005374424414197845,1.0,0.9946255755858021,all_field_expected_seconds_gap_residual_same_car_crossfit_v7_4,637,17,16.0,0.9411764705882353,22.588235294117645,5.647058823529411,26.352941176470587,8.470588235294118,383.99999999999994,95.99999999999999,1749.7618934285665,1491.5892782866326,0,1.0,109,1.1373767748535937,0.6947129503759559,0.7928782810646946,0.2017472945211075,2.6820584838188752,1753.581328687239,1753.581328687239,1486.325888616668,retrospective_first_five_backcast_previous_season_anchor_frozen_v7_5
hakkinen,2000,San Marino Grand Prix,Mika Häkkinen,McLaren,McLaren,1,0.09604986253371504,0.8401096108506094,1995-2005_3l_v10,62,0.0,16.860000000000003,16.860000000000003,2.5060000000000002,imola,0.7267118015177636,open_meteo_era5_air_temperature_track_proxy,3,2000-04-09,jolpica_cross_fitted_xw_xp,0.0,2,Finished,-1.0,5.318281620309335,8,prior_same_circuit_grid_movement,finished,0.9767998918868391,True,1732.2663324497998,0.0,0.70255561943691,1.6839823782664076,-1.29564275576377,-1.5834924189142563,0.7577920702198835,-1.6195534447047124,-0.23752386283713844,1.6013897965860493,0.030396938057610273,0.5831086226253084,9.754718924868524,0.0,0.0,0.0,0.7577920702198835,-1.6195534447047124,-0.23752386283713844,0.019060687316652905,-0.0794140469990555,-0.007873411396112598,0.09595546822677764,-0.3320710013342302,-0.02667096181129667,0.6619445711009332,0.08156701636649666,0.010542691685220214,0.10117481650861311,0.01601238800572807,0.0027975536027612536,-0.08783457122063164,-0.0026721427177466024,0.0027975536027612536,cross_fitted,season_grid_average,example_precomputed_capabilities,0.7069988020349103,0.0,5.551115123125783e-17,0.013340245287981467,0.399158076182184,0.08156701636649666,0.6619445711009332,0.24999999999999997,0.7,0.017056692769628803,0.18395054644312436,-0.030396938057610273,0.36927232975564395,5.917375422218944,-2.3887748446249626,3.5286005775939815,0.0,1735.7949330273939,revised_v3_parallel,prior_similar_races_current_season_only,field_centered_bounded_no_teammate_term,mikahakkinen,mika-hakkinen,mclaren,west-mclaren-mercedes,mclaren-mp4-15,mclaren-mp4-15,exact_chassis,mclaren-mp4-15,,finished,1.0,1,True,12.0,1:24.714,True,True,1.0,2.0,-1.0,True,0.6041666666666667,0.3482142857142856,0.32616623550348167,1.5842912134750713,0.09048730200927481,0.993689806352323,0.4756511430673593,full_same_season_static_retrospective_baseline_plus_shape_distributions_v9,constructor_lineage_regulation_and_stability_shrunk,90.38037017334439,1822.6467026231442,1773.587318154277,1.0102260750784442,1823.6569286982226,1827.1855292758166,3c8c9f0a75e55727,0.3705940867642995,0.0156,0.20263424518743667,0.0,0.0,0.22095671981776766,0.13895216400911162,0.3712984054669704,0.15945330296127563,0.10933940774487472,0.0851063829787234,1.6210739614994936,0.0,1.2158054711246202,0.0,0.8105369807497468,3.11969410703195,0.6042481692396054,0.31003413086172193,1.5842912134750713,0.09048730200927481,0.993689806352323,0.4756511430673593,full_same_season_static_retrospective_baseline_plus_shape_distributions_v9,constructor_lineage_regulation_and_stability_shrunk,high,baseline_plus_shape_distributions_v9,1.9684875262330213,0.6463122524690021,full_same_season_static_retrospective,1695.7108921383456,0.0635697650020578,2,2,,5499.776,62.0,0.00021237228570763608,1.0,exact_seconds,,1.0,scheduled_distance_unavailable_assume_full,1790.9946661988986,0.10384231265518457,13.0,12.0,0.7432870504466746,1.0,14.0,1.0,0.06194058753722289,1.0,0.8271701918685112,0.020494163071045186,-0.00856840351811209,11.486059718331,1,0.029062566589157277,0.02441893950588677,0.9523809523809523,0.9767998918868391,all_field_expected_seconds_gap_residual_same_car_crossfit_v7_4,637,17,16.0,0.9411764705882353,22.588235294117645,5.647058823529411,26.352941176470587,8.470588235294118,383.99999999999994,95.99999999999999,1694.092133646091,1491.5892782866326,0,1.0,91,1.6187584922544564,0.6463689474218658,0.7781421529349257,0.1986577389519134,2.612270875667667,1698.3231630140133,1698.3231630140133,1460.6179285347534,retrospective_first_five_backcast_previous_season_anchor_frozen_v7_5
coulthard,2000,San Marino Grand Prix,David Coulthard,McLaren,McLaren,3,0.034645510920038064,0.7208021000927294,1995-2005_3l_v10,62,0.0,16.860000000000003,16.860000000000003,2.5060000000000002,imola,0.7267118015177636,open_meteo_era5_air_temperature_track_proxy,3,2000-04-09,jolpica_cross_fitted_xw_xp,0.0,3,Finished,0.0,5.318281620309335,8,prior_same_circuit_grid_movement,finished,0.8880682106008114,True,1504.1243300798972,0.0,0.4959747796144236,-0.07334774390845374,-1.29564275576377,-1.5834924189142563,-0.03300648475880418,-1.6195534447047124,-0.23752386283713844,1.6013897965860493,0.023693808473824296,0.531989540057267,10.828219658797394,0.0,0.0,0.0,-0.03300648475880418,-1.6195534447047124,-0.23752386283713844,-0.006936249451931968,-0.05187713811969735,-0.005431792666432502,-0.0013369843758873619,-0.30796227801790454,-0.0258413590529335,0.6325317264912845,0.07187769365237066,0.009290328333413344,0.05092773159309248,0.009075720510287436,-0.0016578149191045074,-0.043295218178783644,-0.0014432070959785994,-0.0016578149191045074,cross_fitted,season_grid_average,example_precomputed_capabilities,0.7069988020349103,-1.3877787807814457e-17,0.0,0.007632513414308837,0.2973911050445591,0.07187769365237066,0.6325317264912845,0.24999999999999997,0.7,0.01606129505951546,0.23459843501270783,-0.023693808473824296,0.3727723647046378,6.141251161311698,-2.3887748446249626,3.752476316686735,0.0,1507.8768063965838,revised_v3_parallel,prior_similar_races_current_season_only,field_centered_bounded_no_teammate_term,davidcoulthard,david-coulthard,mclaren,west-mclaren-mercedes,mclaren-mp4-15,mclaren-mp4-15,exact_chassis,mclaren-mp4-15,,finished,3.0,3,True,12.0,1:25.014,True,True,3.0,3.0,0.0,True,0.6041666666666667,0.300595238095238,0.32616623550348167,1.5842912134750713,0.09048730200927481,0.993689806352323,0.4756511430673593,full_same_season_static_retrospective_baseline_plus_shape_distributions_v9,constructor_lineage_regulation_and_stability_shrunk,117.88302335622095,1622.0073534361181,1725.3256232529634,1.1837469099466924,1623.1911003460648,1626.9435766627514,3c8c9f0a75e55727,0.3705940867642995,0.0156,0.20263424518743667,0.0,0.0,0.22095671981776766,0.13895216400911162,0.3712984054669704,0.15945330296127563,0.10933940774487472,0.0851063829787234,1.6210739614994936,0.0,1.2158054711246202,0.0,0.8105369807497468,3.11969410703195,0.6042481692396054,0.31003413086172193,1.5842912134750713,0.09048730200927481,0.993689806352323,0.4756511430673593,full_same_season_static_retrospective_baseline_plus_shape_distributions_v9,constructor_lineage_regulation_and_stability_shrunk,high,baseline_plus_shape_distributions_v9,1.9684875262330213,0.6463122524690021,full_same_season_static_retrospective,1647.1367890785139,0.050229578173135,3,3,,5499.776,62.0,0.009274559545697862,1.0,exact_seconds,,1.0,scheduled_distance_unavailable_assume_full,1730.7197288390532,0.08235563171901426,13.0,12.0,-0.7320401718330498,1.0,14.0,1.0,-0.06100334765275415,1.0,0.8271701918685112,-0.020184060313020055,-0.00813399323519727,11.49701595565588,1,-0.012050067077822784,-0.016693694161093293,0.9047619047619048,0.8880682106008114,all_field_expected_seconds_gap_residual_same_car_crossfit_v7_4,637,17,16.0,0.9411764705882353,22.588235294117645,5.647058823529411,26.352941176470587,8.470588235294118,383.99999999999994,95.99999999999999,1645.8304387447777,1489.0827311586538,0,1.0,67,1.3063503337362106,0.6014694038709614,0.7247225875254906,0.16334562307532086,1.814632493514047,1648.9514215720278,1648.9514215720278,1478.9960597292277,retrospective_first_five_backcast_previous_season_anchor_frozen_v7_5
barrichello,2000,San Marino Grand Prix,Rubens Barrichello,Ferrari,Ferrari,4,0.12965295846776206,0.868574055121276,1995-2005_3l_v10,62,0.0,16.860000000000003,16.860000000000003,2.5060000000000002,imola,0.7267118015177636,open_meteo_era5_air_temperature_track_proxy,3,2000-04-09,jolpica_cross_fitted_xw_xp,0.0,4,Finished,0.0,5.318281620309335,8,prior_same_circuit_grid_movement,finished,0.840343405807799,True,1424.8482779802055,0.0,0.4200594236024773,-0.6839945904983771,0.5562009381033204,0.7323271062492108,-0.3077975657242697,0.6952511726291505,0.10984906593738163,1.6013897965860493,0.05834845028508065,0.634630683081858,8.672755655280982,0.06,0.0,0.12582799404508693,-0.3077975657242697,0.6952511726291505,0.10984906593738163,-0.025616662931365608,0.011114810322852489,0.002334980187851651,-0.04868340968113547,0.09395986178186673,0.011886283865899534,0.6174818622918687,0.06747360460057673,0.08444738721843814,0.04822549451922608,0.054658383921604235,-0.029140655038522874,0.007081237660689188,0.0006483482583110323,-0.029140655038522874,cross_fitted,season_grid_average,example_precomputed_capabilities,0.7069988020349103,1.734723475976807e-18,0.0,0.05530673217991527,0.6746445982584995,0.06747360460057673,0.6174818622918687,0.24999999999999997,0.7,0.003041718105165382,-0.040013915176641546,-0.05834845028508065,0.2225121740609992,2.6048563262560505,-2.3887748446249626,0.21608148163108787,0.0,1425.0643594618366,revised_v3_parallel,prior_similar_races_current_season_only,field_centered_bounded_no_teammate_term,rubensbarrichello,rubens-barrichello,ferrari,scuderia-ferrari-marlboro,ferrari-f1-2000,ferrari-f1-2000,exact_chassis,ferrari-f1-2000,,finished,4.0,4,True,12.0,1:25.242,True,True,4.0,4.0,0.0,True,0.6041666666666667,0.25297619047619047,0.2822727176432512,1.6702995780986152,0.09048730200927481,0.9077981016634002,0.3721436078103492,full_same_season_static_retrospective_baseline_plus_shape_distributions_v9,constructor_lineage_regulation_and_stability_shrunk,92.17576202004618,1517.0240400002517,1640.374182276639,1.4803821710353506,1518.5044221712872,1518.7205036529183,3c8c9f0a75e55727,0.3705940867642995,0.0156,0.20263424518743667,0.0,0.0,0.22095671981776766,0.13895216400911162,0.3712984054669704,0.15945330296127563,0.10933940774487472,0.0851063829787234,1.6210739614994936,0.0,1.2158054711246202,0.0,0.8105369807497468,3.11969410703195,0.6042481692396054,0.27658351490085836,1.6702995780986152,0.09048730200927481,0.9077981016634002,0.3721436078103492,full_same_season_static_retrospective_baseline_plus_shape_distributions_v9,constructor_lineage_regulation_and_stability_shrunk,high,baseline_plus_shape_distributions_v9,1.7414405906339072,0.3378416246922098,full_same_season_static_retrospective,1569.214929300744,0.024073354080020204,4,4,,5499.776,62.0,0.016232661112016197,1.0,exact_seconds,,1.0,scheduled_distance_unavailable_assume_full,1640.990559352211,0.058319391367070365,13.0,12.0,-0.9978328295686104,1.0,14.0,1.0,-0.0831527357973842,1.0,0.8271701918685112,-0.027512585769565563,-0.015356761517777857,10.916981225129863,1,-0.012155824251787706,-0.016799451335058214,0.8571428571428572,0.840343405807799,all_field_expected_seconds_gap_residual_same_car_crossfit_v7_4,637,17,16.0,0.9411764705882353,22.588235294117645,5.647058823529411,26.352941176470587,8.470588235294118,383.99999999999994,95.99999999999999,1567.750334143567,1484.3291983639997,0,1.0,71,1.4645951571770357,0.5264390106220836,0.6231991020042102,0.21714430380358873,3.029849752317274,1572.2447790530612,1572.2447790530612,1482.5024938797114,retrospective_first_five_backcast_previous_season_anchor_frozen_v7_5
villeneuve,2000,San Marino Grand Prix,Jacques Villeneuve,BAR,BAR,9,0.0037054768943010218,0.3794714287724344,1995-2005_3l_v10,62,0.0,16.860000000000003,16.860000000000003,2.5060000000000002,imola,0.7267118015177636,open_meteo_era5_air_temperature_track_proxy,3,2000-04-09,jolpica_cross_fitted_xw_xp,0.0,5,+1 Lap,4.0,5.318281620309335,8,prior_same_circuit_grid_movement,finished,0.8203135537763018,True,1627.793112265422,0.0,0.6126301055384246,0.8792470165904802,0.425940932847708,0.7323271062492108,0.3956611574657161,0.532426166059635,0.10984906593738163,1.6013897965860493,0.05763174671059256,0.5849976175358644,9.715050031746847,0.04,0.0,0.09431711332536,0.3956611574657161,0.532426166059635,0.10984906593738163,0.006730760233520758,0.0024901268585760155,0.0020414225009179657,0.06410726530948793,0.07411497878101606,0.012644057984518044,0.5397377269133579,0.04918501451583149,0.053100517898462214,0.05856248616063529,0.059582898896975996,0.007346806210384013,0.0018848379482109406,0.0008644252118702317,0.007346806210384013,cross_fitted,season_grid_average,example_precomputed_capabilities,0.7069988020349103,0.0,2.7755575615628914e-17,0.06044732410884623,0.6906040289883799,0.04918501451583149,0.5397377269133579,0.24999999999999997,0.7,-0.002815577398253666,-0.10560641145251548,-0.05763174671059256,0.2245261919879451,2.65830953472879,-2.3887748446249626,0.2695346901038276,0.0,1628.062646955526,revised_v3_parallel,prior_similar_races_current_season_only,field_centered_bounded_no_teammate_term,jacquesvilleneuve,jacques-villeneuve,bar,lucky-strike-reynard-bar-honda,bar-002,bar-002,exact_chassis,bar-002,,finished,9.0,9,True,12.0,1:26.124,True,True,6.0,5.0,1.0,True,0.6041666666666667,0.2053571428571428,-0.03598623504657221,-0.840062699380779,0.0746043527531534,-0.13779835462019271,0.01876252211714894,full_same_season_static_retrospective_baseline_plus_shape_distributions_v9,constructor_lineage_regulation_and_stability_shrunk,48.085766406925444,1675.8788786723474,1535.9931229797412,0.015833669834746454,1675.8947123421822,1676.164247032286,3c8c9f0a75e55727,0.3705940867642995,0.0156,0.20263424518743667,0.0,0.0,0.22095671981776766,0.13895216400911162,0.3712984054669704,0.15945330296127563,0.10933940774487472,0.0851063829787234,1.6210739614994936,0.0,1.2158054711246202,0.0,0.8105369807497468,3.11969410703195,0.6042481692396054,-0.02816160790403318,-0.840062699380779,0.0746043527531534,-0.13779835462019271,0.01876252211714894,full_same_season_static_retrospective_baseline_plus_shape_distributions_v9,constructor_lineage_regulation_and_stability_shrunk,high,baseline_plus_shape_distributions_v9,-0.1548842740111509,0.0014985622940217182,full_same_season_static_retrospective,1547.6941801554678,0.02518522032218117,5,5,1.0,5499.776,62.0,0.016129032258064516,0.7,lap_equivalent,,1.0,scheduled_distance_unavailable_assume_full,1540.15341276778,0.0395711165618481,6.0,4.199999999999999,0.5071562284298835,0.0,14.0,1.0,0.12075148295949609,0.46153846153846156,0.8271701918685112,0.02714259016015506,0.0117092188243923,8.497297031696691,1,0.015433371335762761,0.010789744252492253,0.8095238095238095,0.8203135537763018,all_field_expected_seconds_gap_residual_same_car_crossfit_v7_4,637,17,16.0,0.9411764705882353,22.588235294117645,5.647058823529411,26.352941176470587,8.470588235294118,383.99999999999994,95.99999999999999,1547.0169913493567,1481.2044452236498,0,1.0,53,0.6771888061110878,0.5053887794163656,0.5249975234392832,0.2953160303370186,4.795611104601807,1552.4897912600698,1552.4897912600698,1440.9019643139197,retrospective_first_five_backcast_previous_season_anchor_frozen_v7_5
salo,2000,San Marino Grand Prix,Mika Salo,Sauber,Sauber,12,0.011530671178796973,0.5601359916880929,1995-2005_3l_v10,62,0.0,16.860000000000003,16.860000000000003,2.5060000000000002,imola,0.7267118015177636,open_meteo_era5_air_temperature_track_proxy,3,2000-04-09,jolpica_cross_fitted_xw_xp,0.0,6,+1 Lap,6.0,5.318281620309335,8,prior_same_circuit_grid_movement,finished,0.7805504858607843,True,1501.3318450993027,0.0,0.4932872044191781,-0.09485767159008701,-1.0177062467200015,1.134887083553395,-0.042685952215539155,-1.2721328084000019,0.17023306253300927,1.6013897965860493,0.015556205658391772,0.43052136185695683,12.959051401003908,0.0,0.0,0.0,-0.042685952215539155,-1.2721328084000019,0.17023306253300927,-0.0046455292455518885,-0.030910898184068773,0.0020491425574123397,-0.00022289213491863424,-0.2260619161380907,0.021228195851269782,0.4920383455834787,0.04068666931254801,0.008805796793214762,0.03654439210324817,0.006974992830049543,-0.0016264123528750745,-0.02936500766290848,0.00020439161029014476,-0.0016264123528750745,cross_fitted,season_grid_average,example_precomputed_capabilities,0.7069988020349103,0.0,0.0,0.007179384440339688,0.28698173316173914,0.04068666931254801,0.4920383455834787,0.24999999999999997,0.7,0.008376821218052083,0.1435396286952177,-0.015556205658391772,0.33138340004780503,5.591552265059088,-2.3887748446249626,3.202777420434125,0.0,1504.5346225197368,revised_v3_parallel,prior_similar_races_current_season_only,field_centered_bounded_no_teammate_term,mikasalo,mika-salo,sauber,red-bull-sauber-petronas,sauber-c19,sauber-c19,exact_chassis,sauber-c19,,finished,12.0,12,True,12.0,1:26.336,True,True,9.0,6.0,3.0,True,0.6041666666666667,0.15773809523809512,-0.05178617404767008,-0.9599773756206604,0.09048730200927481,-0.17579268457367983,0.016832409203694155,full_same_season_static_retrospective_baseline_plus_shape_distributions_v9,constructor_lineage_regulation_and_stability_shrunk,-48.99665364197134,1452.3351914573313,1453.8817583239481,0.39080217005031126,1452.7259936273817,1455.9287710478159,3c8c9f0a75e55727,0.3705940867642995,0.0156,0.20263424518743667,0.0,0.0,0.22095671981776766,0.13895216400911162,0.3712984054669704,0.15945330296127563,0.10933940774487472,0.0851063829787234,1.6210739614994936,0.0,1.2158054711246202,0.0,0.8105369807497468,3.11969410703195,0.6042481692396054,-0.034567581989927945,-0.9599773756206604,0.09048730200927481,-0.17579268457367983,0.016832409203694155,full_same_season_static_retrospective_baseline_plus_shape_distributions_v9,constructor_lineage_regulation_and_stability_shrunk,high,baseline_plus_shape_distributions_v9,-0.25911122525906083,0.0011126169894098452,full_same_season_static_retrospective,1468.2565938314774,0.03302074202539617,6,6,1.0,5499.776,62.0,0.016129032258064516,0.7,lap_equivalent,,1.0,scheduled_distance_unavailable_assume_full,1454.7355239467222,0.028490455338027486,6.0,4.199999999999999,0.85858812324857,0.0,14.0,1.0,0.20442574363061194,0.46153846153846156,0.8271701918685112,0.04595094024155232,0.022661589202259386,8.460313851489833,1,0.023289351039292937,0.01864572395602243,0.7619047619047619,0.7805504858607843,all_field_expected_seconds_gap_residual_same_car_crossfit_v7_4,637,17,16.0,0.9411764705882353,22.588235294117645,5.647058823529411,26.352941176470587,8.470588235294118,383.99999999999994,95.99999999999999,1467.9451730898425,1489.0827311586538,0,1.0,49,0.3114207416348753,0.42802954836120677,0.454422934527765,0.32612755133301935,5.491588990629118,1473.7481828221066,1473.7481828221066,1496.23942955992,retrospective_first_five_backcast_previous_season_anchor_frozen_v7_5
irvine,2000,San Marino Grand Prix,Eddie Irvine,Jaguar,Jaguar,7,0.00044450980041715947,0.10453778487322055,1995-2005_3l_v10,62,0.0,16.860000000000003,16.860000000000003,2.5060000000000002,imola,0.7267118015177636,open_meteo_era5_air_temperature_track_proxy,3,2000-04-09,jolpica_cross_fitted_xw_xp,0.0,7,+1 Lap,0.0,5.318281620309335,8,prior_same_circuit_grid_movement,finished,0.7165353304374811,True,1503.091172561887,0.0,0.49498047537265527,-0.08130594015680055,-2.084825756868459,-0.42558265633252296,-0.036587673070560246,-2.6060321960855735,-0.06383739844987844,1.6013897965860493,0.015956252376434412,0.4436079756721756,12.684232510884312,0.0,0.0,0.0,-0.036587673070560246,-2.6060321960855735,-0.06383739844987844,-0.005220602794967695,-0.04666676172711856,-0.0012580295172590098,-0.0006804738125431495,-0.4196078446876776,-0.005130359148310092,0.5712335789667349,0.05581529790594336,0.0032454808907565404,0.043770359758864175,0.002905091076804617,-0.000575577024158452,-0.04110045589226609,-0.00023518721020652882,-0.000575577024158452,cross_fitted,season_grid_average,example_precomputed_capabilities,0.7069988020349103,-6.938893903907228e-18,-1.1102230246251565e-16,0.0026699038665980884,0.145814901318204,0.05581529790594336,0.5712335789667349,0.24999999999999997,0.7,0.013286348509836324,0.2977930743539716,-0.015956252376434412,0.2706777386135387,4.489249238009271,-2.3887748446249626,2.1004743933843084,0.0,1505.1916469552714,revised_v3_parallel,prior_similar_races_current_season_only,field_centered_bounded_no_teammate_term,eddieirvine,eddie-irvine,jaguar,jaguar-racing-f1-team,jaguar-r1,jaguar-r1,exact_chassis,jaguar-r1,,finished,7.0,7,True,12.0,1:25.929,True,True,5.0,7.0,-2.0,True,0.6041666666666667,0.11011904761904756,-0.07338138223566137,0.0,0.0,-0.25293830600767697,0.013502705679624647,full_same_season_static_retrospective_baseline_plus_shape_distributions_v9,constructor_lineage_regulation_and_stability_shrunk,95.86291961925315,1598.9540921811404,1592.2983358640465,1.0557569089067658,1600.009849090047,1602.110323483431,3c8c9f0a75e55727,0.3705940867642995,0.0156,0.20263424518743667,0.0,0.0,0.22095671981776766,0.13895216400911162,0.3712984054669704,0.15945330296127563,0.10933940774487472,0.0851063829787234,1.6210739614994936,0.0,1.2158054711246202,0.0,0.8105369807497468,3.11969410703195,0.6042481692396054,-0.0834030149509706,0.0,0.0,-0.25293830600767697,0.013502705679624647,full_same_season_static_retrospective_baseline_plus_shape_distributions_v9,constructor_lineage_regulation_and_stability_shrunk,high,baseline_plus_shape_distributions_v9,-0.32133363272989324,0.0009314028220753594,full_same_season_static_retrospective,1613.4452884142477,0.05969556301417671,7,7,1.0,5499.776,62.0,0.016129032258064516,0.7,lap_equivalent,,1.0,scheduled_distance_unavailable_assume_full,1600.122210195511,0.04983655212721028,6.0,4.199999999999999,0.2642862569414371,0.0,14.0,1.0,0.06292529927177075,0.46153846153846156,0.8271701918685112,0.014144386196993375,0.007251142961956082,7.260980916764943,2,0.006893243235037293,0.002249616151766785,0.7142857142857143,0.7165353304374811,all_field_expected_seconds_gap_residual_same_car_crossfit_v7_4,637,17,16.0,0.9411764705882353,22.588235294117645,5.647058823529411,26.352941176470587,8.470588235294118,383.99999999999994,95.99999999999999,1612.5334003446608,1484.3291983639997,0,1.0,77,0.9118880695869009,0.5693608670635557,0.6133740032081427,0.10316132722933835,0.4551754579342071,1613.900463872182,1613.900463872182,1438.7577439003117,retrospective_first_five_backcast_previous_season_anchor_frozen_v7_5
diniz,2000,San Marino Grand Prix,Pedro Diniz,Sauber,Sauber,10,0.0020769424821233114,0.2910400162482033,1995-2005_3l_v10,62,0.0,16.860000000000003,16.860000000000003,2.5060000000000002,imola,0.7267118015177636,open_meteo_era5_air_temperature_track_proxy,3,2000-04-09,jolpica_cross_fitted_xw_xp,0.0,8,+1 Lap,2.0,5.318281620309335,8,prior_same_circuit_grid_movement,finished,0.7139029507314874,True,1425.3099860209152,0.0,0.42049629815973216,-0.6804381500395352,-1.0177062467200015,1.134887083553395,-0.30619716751779086,-1.2721328084000019,0.17023306253300927,1.6013897965860493,0.016757851382995275,0.45119253847563523,12.52495669201166,0.02,0.0,0.05880602015151773,-0.30619716751779086,-1.2721328084000019,0.17023306253300927,-0.009244464873585673,-0.032163599466661114,0.0021900648690720372,-0.03725154399475565,-0.22599363079998702,0.020984184905253868,0.5238708354424819,0.046171350986376335,0.0099928438804116,0.034227032172668564,0.006770563678729868,-0.003039492365210018,-0.02727368065746698,0.00018278783647171504,-0.003039492365210018,cross_fitted,season_grid_average,example_precomputed_capabilities,0.7069988020349103,-6.938893903907228e-18,0.0,0.006953351515201583,0.2816098455529931,0.046171350986376335,0.5238708354424819,0.24999999999999997,0.7,0.009804499867793692,0.1695826929226421,-0.016757851382995275,0.2154741281910315,3.4763458742466806,-2.3887748446249626,1.087571029621718,0.0,1426.397557050537,revised_v3_parallel,prior_similar_races_current_season_only,field_centered_bounded_no_teammate_term,pedrodiniz,pedro-diniz,sauber,red-bull-sauber-petronas,sauber-c19,sauber-c19,exact_chassis,sauber-c19,,finished,10.0,10,True,12.0,1:26.238,True,True,7.0,8.0,-1.0,True,0.6041666666666667,0.0625,-0.05178617404767008,-0.9599773756206604,0.09048730200927481,-0.17579268457367983,0.016832409203694155,full_same_season_static_retrospective_baseline_plus_shape_distributions_v9,constructor_lineage_regulation_and_stability_shrunk,-76.47442953910983,1348.8355564818053,1362.7056038718474,1.4977898318213243,1350.3333463136266,1351.4209173432484,3c8c9f0a75e55727,0.3705940867642995,0.0156,0.20263424518743667,0.0,0.0,0.22095671981776766,0.13895216400911162,0.3712984054669704,0.15945330296127563,0.10933940774487472,0.0851063829787234,1.6210739614994936,0.0,1.2158054711246202,0.0,0.8105369807497468,3.11969410703195,0.6042481692396054,-0.034567581989927945,-0.9599773756206604,0.09048730200927481,-0.17579268457367983,0.016832409203694155,full_same_season_static_retrospective_baseline_plus_shape_distributions_v9,constructor_lineage_regulation_and_stability_shrunk,high,baseline_plus_shape_distributions_v9,-0.25911122525906083,0.0011126169894098452,full_same_season_static_retrospective,1378.0862572205106,-0.027299592739108855,8,8,1.0,5499.776,62.0,0.016129032258064516,0.7,lap_equivalent,,1.0,scheduled_distance_unavailable_assume_full,1342.8466644115201,0.018526967313804033,6.0,4.199999999999999,1.2590758661891515,0.0,14.0,1.0,0.2997799681402742,0.46153846153846156,0.8271701918685112,0.06738471954158234,0.01550480839349117,9.954678721958798,1,0.05187991114809117,0.047236284064820666,0.6666666666666667,0.7139029507314874,all_field_expected_seconds_gap_residual_same_car_crossfit_v7_4,637,17,16.0,0.9411764705882353,22.588235294117645,5.647058823529411,26.352941176470587,8.470588235294118,383.99999999999994,95.99999999999999,1376.7690186377417,1485.5094586570576,0,1.0,50,1.3172385827688318,0.3439727470515226,0.3121078263348988,0.40179512439658854,7.200785935123858,1385.2870431556344,1385.2870431556344,1496.1428175913481,retrospective_first_five_backcast_previous_season_anchor_frozen_v7_5
wurz,2000,San Marino Grand Prix,Alexander Wurz,Benetton,Benetton,11,0.008025793552447116,0.5028221057961859,1995-2005_3l_v10,62,0.0,16.860000000000003,16.860000000000003,2.5060000000000002,imola,0.7267118015177636,open_meteo_era5_air_temperature_track_proxy,3,2000-04-09,jolpica_cross_fitted_xw_xp,0.0,9,+1 Lap,2.0,5.318281620309335,8,prior_same_circuit_grid_movement,finished,0.6392583003462856,True,1448.1191795588065,0.0,0.44218698112589455,-0.5047437033779212,1.367803440017514,0.7323271062492108,-0.22713466652006453,1.7097543000218927,0.10984906593738163,1.6013897965860493,0.08055964147360521,0.5844489863273795,9.72657128712503,0.14,0.043820101892339286,0.23617989810766074,-0.22713466652006453,1.7097543000218927,0.10984906593738163,-0.027643710254005978,0.07484285955696604,0.0024239185191328146,-0.03557430300859307,0.27883494035040546,0.011697135694381076,0.5079616544165214,0.043342340607035526,0.13623427254227607,0.032845070069884776,0.09112128785049858,-0.04326886411314766,0.06012033835924364,0.0018441205786298293,-0.04326886411314766,cross_fitted,season_grid_average,example_precomputed_capabilities,0.7069988020349103,6.938893903907228e-18,5.551115123125783e-17,0.09296540842912841,0.7629194274527149,0.043342340607035526,0.5079616544165214,0.24999999999999997,0.7,-0.0124057669555232,-0.1784704411253354,-0.08055964147360521,0.03459863272023955,-1.310656006402213,-2.3887748446249626,-3.6994308510271754,0.0,1444.4197487077793,revised_v3_parallel,prior_similar_races_current_season_only,field_centered_bounded_no_teammate_term,alexanderwurz,alexander-wurz,benetton,mild-seven-benetton-playlife,benetton-b200,benetton-b200,exact_chassis,benetton-b200,,finished,11.0,11,True,12.0,1:26.281,True,True,8.0,9.0,-1.0,True,0.6041666666666667,0.014880952380952328,-0.029102149438460678,-0.09174550234509966,0.09048730200927481,-0.0920853256768541,0.021380301979265194,full_same_season_static_retrospective_baseline_plus_shape_distributions_v9,constructor_lineage_regulation_and_stability_shrunk,14.911961842285812,1463.0311414010923,1508.733511477245,0.5361829385489801,1463.5673243396413,1459.867893488614,3c8c9f0a75e55727,0.3705940867642995,0.0156,0.20263424518743667,0.0,0.0,0.22095671981776766,0.13895216400911162,0.3712984054669704,0.15945330296127563,0.10933940774487472,0.0851063829787234,1.6210739614994936,0.0,1.2158054711246202,0.0,0.8105369807497468,3.11969410703195,0.6042481692396054,-0.030374040740793362,-0.09174550234509966,0.09048730200927481,-0.0920853256768541,0.021380301979265194,full_same_season_static_retrospective_baseline_plus_shape_distributions_v9,constructor_lineage_regulation_and_stability_shrunk,high,baseline_plus_shape_distributions_v9,-0.06604099249326695,0.0019315912112515235,full_same_season_static_retrospective,1516.3869593303573,0.029311281097589754,9,9,1.0,5499.776,62.0,0.016129032258064516,0.7,lap_equivalent,,1.0,scheduled_distance_unavailable_assume_full,1505.5881311916419,0.03464509238536367,6.0,4.199999999999999,0.6526230737269769,0.0,14.0,1.0,0.15538644612547073,0.46153846153846156,0.8271701918685112,0.0349278577807726,0.010073549398835497,9.946988208161034,1,0.024854308381937102,0.020210681298666593,0.6190476190476191,0.6392583003462856,all_field_expected_seconds_gap_residual_same_car_crossfit_v7_4,637,17,16.0,0.9411764705882353,22.588235294117645,5.647058823529411,26.352941176470587,8.470588235294118,383.99999999999994,95.99999999999999,1516.1003375313933,1520.7015755464922,0,1.0,29,0.28662179896404627,0.47474858038261963,0.5026856170638712,0.13657268328241445,1.2098790299566318,1517.596838360314,1517.596838360314,1515.1138345085187,retrospective_first_five_backcast_previous_season_anchor_frozen_v7_5
herbert,2000,San Marino Grand Prix,Johnny Herbert,Jaguar,Jaguar,17,0.0005329634332744921,0.12161542689284814,1995-2005_3l_v10,62,0.0,16.860000000000003,16.860000000000003,2.5060000000000002,imola,0.7267118015177636,open_meteo_era5_air_temperature_track_proxy,3,2000-04-09,jolpica_cross_fitted_xw_xp,0.0,10,+1 Lap,7.0,5.318281620309335,8,prior_same_circuit_grid_movement,finished,0.6215681490174981,True,1458.6081259512061,0.0,0.4522204502336489,-0.42394954336456603,-2.084825756868459,-0.42558265633252296,-0.19077729451405473,-2.6060321960855735,-0.06383739844987844,1.6013897965860493,0.008406414083250447,0.3126949335071984,15.433406396348833,0.0,0.0,0.0,-0.19077729451405473,-2.6060321960855735,-0.06383739844987844,-0.004083294997685419,-0.023608913685079218,-0.0006440742091934277,-0.013797678918545277,-0.316554810796869,-0.004636587018058078,0.4131916565272401,0.029658626252218993,0.0017245541698957302,0.020824653047650882,0.0014381183492252266,-0.0004022108096348009,-0.019502309687389953,-0.0001157749889642973,-0.0004022108096348009,cross_fitted,season_grid_average,example_precomputed_capabilities,0.7069988020349103,0.0,0.0,0.0013223433602609293,0.07820257979376774,0.029658626252218993,0.4131916565272401,0.24999999999999997,0.7,0.0070840707229895186,0.23449235371343066,-0.008406414083250447,0.258733637921373,4.455451544586703,-2.3887748446249626,2.0666766999617403,0.0,1460.674802651168,revised_v3_parallel,prior_similar_races_current_season_only,field_centered_bounded_no_teammate_term,johnnyherbert,johnny-herbert,jaguar,jaguar-racing-f1-team,jaguar-r1,jaguar-r1,exact_chassis,jaguar-r1,,finished,17.0,17,True,11.0,1:27.051,True,True,12.0,10.0,2.0,True,0.6041666666666667,-0.032738095238095344,-0.07338138223566137,0.0,0.0,-0.25293830600767697,0.013502705679624647,full_same_season_static_retrospective_baseline_plus_shape_distributions_v9,constructor_lineage_regulation_and_stability_shrunk,13.939450576490872,1472.547576527697,1487.005685685643,-1.1194052752101273,1471.428171252487,1473.4948479524487,3c8c9f0a75e55727,0.3705940867642995,0.0156,0.20263424518743667,0.0,0.0,0.22095671981776766,0.13895216400911162,0.3712984054669704,0.15945330296127563,0.10933940774487472,0.0851063829787234,1.6210739614994936,0.0,1.2158054711246202,0.0,0.8105369807497468,3.11969410703195,0.6042481692396054,-0.0834030149509706,0.0,0.0,-0.25293830600767697,0.013502705679624647,full_same_season_static_retrospective_baseline_plus_shape_distributions_v9,constructor_lineage_regulation_and_stability_shrunk,high,baseline_plus_shape_distributions_v9,-0.32133363272989324,0.0009314028220753594,full_same_season_static_retrospective,1506.0308829861012,0.027214381482485842,10,10,1.0,5499.776,62.0,0.016129032258064516,0.7,lap_equivalent,,1.0,scheduled_distance_unavailable_assume_full,1486.1916833250816,0.03215456268064323,6.0,4.199999999999999,0.7485603280362373,0.0,14.0,1.0,0.17822864953243747,0.46153846153846156,0.8271701918685112,0.040062341848667346,-0.01472086282352987,10.88007100249544,2,0.05478320467219722,0.05013957758892671,0.5714285714285714,0.6215681490174981,all_field_expected_seconds_gap_residual_same_car_crossfit_v7_4,637,17,16.0,0.9411764705882353,22.588235294117645,5.647058823529411,26.352941176470587,8.470588235294118,383.99999999999994,95.99999999999999,1507.2407501662572,1492.4602196141823,0,1.0,103,-1.2098671801559866,0.4646388331974495,0.47846292129324364,0.1431052277242545,1.3574376808781952,1507.3883206669793,1507.3883206669793,1467.042108741431,retrospective_first_five_backcast_previous_season_anchor_frozen_v7_5
fisichella,2000,San Marino Grand Prix,Giancarlo Fisichella,Benetton,Benetton,19,0.00786463353887632,0.49958332294683555,1995-2005_3l_v10,62,0.0,16.860000000000003,16.860000000000003,2.5060000000000002,imola,0.7267118015177636,open_meteo_era5_air_temperature_track_proxy,3,2000-04-09,jolpica_cross_fitted_xw_xp,0.0,11,+1 Lap,8.0,5.318281620309335,8,prior_same_circuit_grid_movement,finished,0.5389643215295307,True,1426.8878982128826,0.0,0.4219900683009765,-0.6682838224878928,1.367803440017514,0.7323271062492108,-0.30072772011955173,1.7097543000218927,0.10984906593738163,1.6013897965860493,0.04589330259172398,0.4672868204658034,12.186976770218129,0.06,0.0,0.12582799404508693,-0.30072772011955173,1.7097543000218927,0.10984906593738163,-0.01893721173480528,0.043860461494112386,0.0014205050817167695,-0.045542320520335695,0.3150206986118108,0.013083897767431203,0.3825181377081315,0.02613548646095606,0.08214943945525846,0.018775906517798372,0.05145902577916262,-0.029670198153278524,0.03370333478418157,0.0010202155228173151,-0.029670198153278524,cross_fitted,season_grid_average,example_precomputed_capabilities,0.7069988020349103,3.469446951953614e-18,5.551115123125783e-17,0.05247924130197994,0.6650804135670378,0.02613548646095606,0.3825181377081315,0.24999999999999997,0.7,-0.006585938710255958,-0.19779359310123446,-0.04589330259172398,0.05652270334372045,-0.08403060201440749,-2.3887748446249626,-2.47280544663937,0.0,1424.4150927662433,revised_v3_parallel,prior_similar_races_current_season_only,field_centered_bounded_no_teammate_term,giancarlofisichella,giancarlo-fisichella,benetton,mild-seven-benetton-playlife,benetton-b200,benetton-b200,exact_chassis,benetton-b200,,finished,19.0,19,True,11.0,1:27.253,True,True,13.0,11.0,2.0,True,0.6041666666666667,-0.0803571428571429,-0.029102149438460678,-0.09174550234509966,0.09048730200927481,-0.0920853256768541,0.021380301979265194,full_same_season_static_retrospective_baseline_plus_shape_distributions_v9,constructor_lineage_regulation_and_stability_shrunk,44.31876705662544,1471.206665269508,1523.5342135254227,-1.7936378414724767,1469.4130274280355,1466.9402219813962,3c8c9f0a75e55727,0.3705940867642995,0.0156,0.20263424518743667,0.0,0.0,0.22095671981776766,0.13895216400911162,0.3712984054669704,0.15945330296127563,0.10933940774487472,0.0851063829787234,1.6210739614994936,0.0,1.2158054711246202,0.0,0.8105369807497468,3.11969410703195,0.6042481692396054,-0.030374040740793362,-0.09174550234509966,0.09048730200927481,-0.0920853256768541,0.021380301979265194,full_same_season_static_retrospective_baseline_plus_shape_distributions_v9,constructor_lineage_regulation_and_stability_shrunk,high,baseline_plus_shape_distributions_v9,-0.06604099249326695,0.0019315912112515235,full_same_season_static_retrospective,1528.956484441321,0.04094913125327117,11,11,1.0,5499.776,62.0,0.016129032258064516,0.7,lap_equivalent,,1.0,scheduled_distance_unavailable_assume_full,1526.9406235566196,0.03761041671573524,6.0,4.199999999999999,0.5893358948221931,0.0,14.0,1.0,0.14031807019576029,0.46153846153846156,0.8271701918685112,0.03154077927692958,0.011742354473652244,9.67456235262379,1,0.019798424803277336,0.015154797720006828,0.5238095238095238,0.5389643215295307,all_field_expected_seconds_gap_residual_same_car_crossfit_v7_4,637,17,16.0,0.9411764705882353,22.588235294117645,5.647058823529411,26.352941176470587,8.470588235294118,383.99999999999994,95.99999999999999,1530.901039579571,1481.2044452236498,0,1.0,50,-1.9445551382500073,0.4870422619629704,0.5263359333010589,0.012628388228471787,-1.589803870085367,1527.3666805712355,1527.3666805712355,1471.730201773547,retrospective_first_five_backcast_previous_season_anchor_frozen_v7_5
zonta,2000,San Marino Grand Prix,Ricardo Zonta,BAR,BAR,14,0.0038799357153208045,0.38672423364147723,1995-2005_3l_v10,62,0.0,16.860000000000003,16.860000000000003,2.5060000000000002,imola,0.7267118015177636,open_meteo_era5_air_temperature_track_proxy,3,2000-04-09,jolpica_cross_fitted_xw_xp,0.0,12,+1 Lap,2.0,5.318281620309335,8,prior_same_circuit_grid_movement,finished,0.5026368981962016,True,1494.0008428184628,0.0,0.4862307549400797,-0.15132684868166138,0.425940932847708,0.7323271062492108,-0.06809708190674763,0.532426166059635,0.10984906593738163,1.6013897965860493,0.03199338325020871,0.4910346876217872,11.688271559942468,0.02,0.0,0.05880602015151773,-0.06809708190674763,0.532426166059635,0.10984906593738163,-0.0075668183744358915,0.0011505376319083625,0.001269443186220232,-0.006381738694513231,0.09470618520063798,0.01425026861102512,0.46026227308664225,0.03585351141743917,0.038707725177790635,0.030492895940718003,0.03034474885101566,-0.00800105131665876,0.00021377792041387192,0.00036192501011621594,-0.00800105131665876,cross_fitted,season_grid_average,example_precomputed_capabilities,0.7069988020349103,0.0,1.3877787807814457e-17,0.030706673861131874,0.5628369882037921,0.03585351141743917,0.46026227308664225,0.24999999999999997,0.7,0.0012867093890768337,-0.07180230058200493,-0.03199338325020871,-0.014844211431311038,-1.0350370037686076,-2.3887748446249626,-3.4238118483935702,0.0,1490.5770309700692,revised_v3_parallel,prior_similar_races_current_season_only,field_centered_bounded_no_teammate_term,ricardozonta,ricardo-zonta,bar,lucky-strike-reynard-bar-honda,bar-002,bar-002,exact_chassis,bar-002,,finished,14.0,14,True,11.0,1:26.814,True,True,10.0,12.0,-2.0,True,0.6041666666666667,-0.12797619047619058,-0.03598623504657221,-0.840062699380779,0.0746043527531534,-0.13779835462019271,0.01876252211714894,full_same_season_static_retrospective_baseline_plus_shape_distributions_v9,constructor_lineage_regulation_and_stability_shrunk,-9.075670043906644,1484.9251727745561,1485.5997939111378,-0.40078712638722147,1484.5243856481688,1481.1005737997752,3c8c9f0a75e55727,0.3705940867642995,0.0156,0.20263424518743667,0.0,0.0,0.22095671981776766,0.13895216400911162,0.3712984054669704,0.15945330296127563,0.10933940774487472,0.0851063829787234,1.6210739614994936,0.0,1.2158054711246202,0.0,0.8105369807497468,3.11969410703195,0.6042481692396054,-0.02816160790403318,-0.840062699380779,0.0746043527531534,-0.13779835462019271,0.01876252211714894,full_same_season_static_retrospective_baseline_plus_shape_distributions_v9,constructor_lineage_regulation_and_stability_shrunk,high,baseline_plus_shape_distributions_v9,-0.1548842740111509,0.0014985622940217182,full_same_season_static_retrospective,1496.2280634895321,0.04974512949478405,12,12,1.0,5499.776,62.0,0.016129032258064516,0.7,lap_equivalent,,1.0,scheduled_distance_unavailable_assume_full,1498.8659222176852,0.0337608359780784,6.0,4.199999999999999,0.6802438989500078,0.0,14.0,1.0,0.16196283308333523,0.46153846153846156,0.8271701918685112,0.03640610195266223,0.00531605286366629,8.881410446170403,1,0.03109004908899594,0.02644642200572543,0.47619047619047616,0.5026368981962016,all_field_expected_seconds_gap_residual_same_car_crossfit_v7_4,637,17,16.0,0.9411764705882353,22.588235294117645,5.647058823529411,26.352941176470587,8.470588235294118,383.99999999999994,95.99999999999999,1496.6236622807533,1526.4747888593474,0,1.0,7,-0.3955987912210651,0.4550921605878501,0.5004317214502053,0.0022051767459962957,-1.825245823571872,1494.4028176659604,1494.4028176659604,1509.4226798880804,retrospective_first_five_backcast_previous_season_anchor_frozen_v7_5
mazzacane,2000,San Marino Grand Prix,Gastón Mazzacane,Minardi,Minardi,20,0.002109523060015282,0.29332881970940855,1995-2005_3l_v10,62,0.0,16.860000000000003,16.860000000000003,2.5060000000000002,imola,0.7267118015177636,open_meteo_era5_air_temperature_track_proxy,3,2000-04-09,jolpica_cross_fitted_xw_xp,0.0,13,+2 Laps,7.0,5.318281620309335,8,prior_same_circuit_grid_movement,finished,0.3597094554096245,True,1500.2840911822557,0.0,0.4922787390656169,-0.10292830084698291,0.19952006974872108,-0.42558265633252296,-0.04631773538114231,0.24940008718590134,-0.06383739844987844,1.6013897965860493,0.017288011952508574,0.38325202128292535,13.951707553058569,0.02,0.0,0.05880602015151773,-0.04631773538114231,0.24940008718590134,-0.06383739844987844,-0.0040415644872702295,-0.00432122052019289,-0.0012986834502997744,0.00042334437058667396,0.059790704057228784,-0.007601555847116127,0.3674682735087155,0.024534113295830738,0.018401078801026614,0.019105931247761783,0.01639005358604669,-0.003528433962958771,-0.0042332864096939395,-0.0015174087479788451,-0.003528433962958771,cross_fitted,season_grid_average,example_precomputed_capabilities,0.7069988020349103,0.0,0.0,0.014872644838067843,0.42008076608941486,0.024534113295830738,0.3674682735087155,0.24999999999999997,0.7,0.002415367114440731,-0.03682874480648951,-0.017288011952508574,0.045319407288503255,0.40083704433285283,-2.3887748446249626,-1.9879378002921098,0.0,1498.2961533819637,revised_v3_parallel,prior_similar_races_current_season_only,field_centered_bounded_no_teammate_term,gastonmazzacane,gaston-mazzacane,minardi,telefonica-minardi-fondmetal,minardi-m02,minardi-m02,exact_chassis,minardi-m02,,finished,20.0,20,True,12.0,1:28.161,True,True,14.0,13.0,1.0,True,0.6041666666666667,-0.17559523809523814,-0.18065646164916901,-1.098328019497615,0.09048730200927481,-0.5779287463904887,0.005335304562196764,full_same_season_static_retrospective_baseline_plus_shape_distributions_v9,constructor_lineage_regulation_and_stability_shrunk,-4.5343600179017685,1495.749731164354,1454.420223192918,-1.8282617289530256,1493.921469435401,1491.933531635109,3c8c9f0a75e55727,0.3705940867642995,0.0156,0.20263424518743667,0.0,0.0,0.22095671981776766,0.13895216400911162,0.3712984054669704,0.15945330296127563,0.10933940774487472,0.0851063829787234,1.6210739614994936,0.0,1.2158054711246202,0.0,0.8105369807497468,3.11969410703195,0.6042481692396054,-0.17503711524624302,-1.098328019497615,0.09048730200927481,-0.5779287463904887,0.005335304562196764,full_same_season_static_retrospective_baseline_plus_shape_distributions_v9,constructor_lineage_regulation_and_stability_shrunk,high,baseline_plus_shape_distributions_v9,-0.9581492757338407,0.00015099075273084295,full_same_season_static_retrospective,1498.8118301529241,0.0,13,13,2.0,5499.776,62.0,0.03225806451612903,0.7,lap_equivalent,,1.0,scheduled_distance_unavailable_assume_full,1460.6707689663426,0.02914831178076867,13.0,9.1,-1.7079988374900865,0.0,14.0,1.0,-0.18769217994396556,1.0,0.8271701918685112,-0.062101350598587644,0.0021169954799459384,7.130259667352314,1,-0.06421834607853358,-0.06886197316180409,0.4285714285714286,0.3597094554096245,all_field_expected_seconds_gap_residual_same_car_crossfit_v7_4,637,17,16.0,0.9411764705882353,22.588235294117645,5.647058823529411,26.352941176470587,8.470588235294118,383.99999999999994,95.99999999999999,1500.6545229041571,1531.028435844046,0,1.0,1,-1.8426927512329567,0.4576058865271682,0.4198874160704754,-0.060177960660850904,-3.234370809703009,1495.577459343221,1495.577459343221,1505.9535986675462,retrospective_first_five_backcast_previous_season_anchor_frozen_v7_5
verstappen,2000,San Marino Grand Prix,Jos Verstappen,Arrows,Arrows,16,0.0007446526790946925,0.1567753563812368,1995-2005_3l_v10,62,0.0,16.860000000000003,16.860000000000003,2.5060000000000002,imola,0.7267118015177636,open_meteo_era5_air_temperature_track_proxy,3,2000-04-09,jolpica_cross_fitted_xw_xp,0.0,14,+3 Laps,2.0,5.318281620309335,8,prior_same_circuit_grid_movement,finished,0.2733901374802199,True,1423.6206999304068,0.0,0.4188983480912988,-0.6934503674347704,0.2667558938967966,-0.02302267902833821,-0.3120526653456467,0.33344486737099577,-0.0034534018542507314,1.6013897965860493,0.021056606055586943,0.43582574269934676,12.847659403313717,0.08,0.0048013617144565535,0.15519863828554345,-0.3120526653456467,0.33344486737099577,-0.0034534018542507314,-0.009711269022960333,-0.0036206898086910137,-0.0007185437293910205,-0.04363898025988043,0.06742460614467591,-0.00025455366452391737,0.4287664210332653,0.031594482976368715,0.02652982994821515,0.021068141358100177,0.01862777471256311,-0.008985849532888803,-0.0035241609427738296,-0.001083794297236762,-0.008985849532888803,cross_fitted,season_grid_average,example_precomputed_capabilities,0.7069988020349103,0.0,3.469446951953614e-18,0.017543980415326347,0.45229749325353685,0.031594482976368715,0.4287664210332653,0.24999999999999997,0.7,0.0035126256402605964,-0.01647175055419009,-0.021056606055586943,-0.05487336174696583,-1.4930790567794716,-2.3887748446249626,-3.881853901404434,0.0,1419.7388460290024,revised_v3_parallel,prior_similar_races_current_season_only,field_centered_bounded_no_teammate_term,josverstappen,jos-verstappen,arrows,arrows-f1-team,arrows-a21,arrows-a21,exact_chassis,arrows-a21,,finished,16.0,16,True,11.0,1:26.845,True,True,11.0,14.0,-3.0,True,0.6041666666666667,-0.2232142857142858,-0.21377536479939302,-1.2839425975672534,0.09048730200927481,-0.6819791340953618,0.003963229204648719,full_same_season_static_retrospective_baseline_plus_shape_distributions_v9,constructor_lineage_regulation_and_stability_shrunk,-27.31601116764292,1396.3046887627638,1343.152621409485,-0.09998461148749446,1396.2047041512762,1392.3228502498719,3c8c9f0a75e55727,0.3705940867642995,0.0156,0.20263424518743667,0.0,0.0,0.22095671981776766,0.13895216400911162,0.3712984054669704,0.15945330296127563,0.10933940774487472,0.0851063829787234,1.6210739614994936,0.0,1.2158054711246202,0.0,0.8105369807497468,3.11969410703195,0.6042481692396054,-0.2069127067871999,-1.2839425975672534,0.09048730200927481,-0.6819791340953618,0.003963229204648719,full_same_season_static_retrospective_baseline_plus_shape_distributions_v9,constructor_lineage_regulation_and_stability_shrunk,high,baseline_plus_shape_distributions_v9,-1.1502496634429729,8.721360541530005e-05,full_same_season_static_retrospective,1397.5100666861133,-0.00022495403781177105,14,14,3.0,5499.776,62.0,0.04838709677419355,0.7,lap_equivalent,,1.0,scheduled_distance_unavailable_assume_full,1338.7991799322583,0.018240786720503596,13.0,9.1,-2.934651289398551,0.0,14.0,1.0,-0.32248915268115946,1.0,0.8271701918685112,-0.10670136571951531,-0.003782749330624807,4.033139667839824,1,-0.10291861638889051,-0.10756224347216102,0.38095238095238093,0.2733901374802199,all_field_expected_seconds_gap_residual_same_car_crossfit_v7_4,637,17,16.0,0.9411764705882353,22.588235294117645,5.647058823529411,26.352941176470587,8.470588235294118,383.99999999999994,95.99999999999999,1397.710952137114,1489.0827311586538,0,1.0,35,-0.20088545100058466,0.3615396364496307,0.3209839908368854,-0.047593853356665494,-2.950118032949644,1394.5599486531637,1394.5599486531637,1439.1862514780441,retrospective_first_five_backcast_previous_season_anchor_frozen_v7_5
trulli,2000,San Marino Grand Prix,Jarno Trulli,Jordan,Jordan,8,0.016769720849631155,0.6176408169794675,1995-2005_3l_v10,62,0.0,16.860000000000003,16.860000000000003,2.5060000000000002,imola,0.7267118015177636,open_meteo_era5_air_temperature_track_proxy,3,2000-04-09,jolpica_cross_fitted_xw_xp,0.0,15,Gearbox,-7.0,5.318281620309335,8,prior_same_circuit_grid_movement,mechanical,,False,1468.5719901606228,0.0,0.4617766120836729,-0.34719998157156456,0.5491663203703177,-0.02302267902833821,-0.15623999170720407,0.686457900462897,-0.0034534018542507314,1.6013897965860493,0.046625119921752015,0.5794528489041981,9.83149017301184,0.04,0.0,0.09431711332536,-0.15623999170720407,0.686457900462897,-0.0034534018542507314,-0.01442974103282881,0.008413230765726516,-0.0016771748295879758,-0.02352757309525664,0.10560883586207527,-0.002353257951528446,0.5555344474596111,0.05239538374426971,0.06044489517173285,0.03908568185693948,0.047468511673905936,-0.01574319652415341,0.005616016790639958,-0.0027668130263264964,-0.01574319652415341,cross_fitted,season_grid_average,example_precomputed_capabilities,0.7069988020349103,-2.6020852139652106e-18,0.0,0.04470169864757944,0.6352624522749013,0.05239538374426971,0.5555344474596111,0.24999999999999997,0.7,0.001923421274172575,-0.055809603370703176,-0.046625119921752015,,0.0,0.0,0.0,0.0,1468.5719901606228,revised_v3_parallel,prior_similar_races_current_season_only,field_centered_bounded_no_teammate_term,jarnotrulli,jarno-trulli,jordan,benson-hedges-jordan,,jordan-ej10|jordan-ej10b,ambiguous_chassis_constructor_fallback,constructor:jordan,Gearbox,mechanical,8.0,8,True,12.0,1:26.002,True,False,,,,False,0.6041666666666667,,-0.0851222020405632,0.45783277975943026,0.09048730200927481,-0.20906996199110517,0.015305744444734207,full_same_season_static_retrospective_baseline_plus_shape_distributions_v9,constructor_lineage_regulation_and_stability_shrunk,2.877874320956474,1471.4498644815792,1494.688363419395,1.4570548512626518,1472.9069193328419,1472.9069193328419,3c8c9f0a75e55727,0.3705940867642995,0.0156,0.20263424518743667,0.0,0.0,0.22095671981776766,0.13895216400911162,0.3712984054669704,0.15945330296127563,0.10933940774487472,0.0851063829787234,1.6210739614994936,0.0,1.2158054711246202,0.0,0.8105369807497468,3.11969410703195,0.6042481692396054,-0.08883637684995357,0.45783277975943026,0.09048730200927481,-0.20906996199110517,0.015305744444734207,full_same_season_static_retrospective_baseline_plus_shape_distributions_v9,constructor_lineage_regulation_and_stability_shrunk,high,baseline_plus_shape_distributions_v9,-0.3193198103586556,0.0009367773544378954,full_same_season_static_retrospective,1512.582974164492,0.03195097139914364,15,15,,5499.776,62.0,,0.0,unavailable,,1.0,scheduled_distance_unavailable_assume_full,1495.3010739446188,0.03330110157962941,0.0,0.0,0.0,0.0,,0.0,,0.0,0.0,0.0,-0.0003432667705559322,4.5661769311572735,1,0.0003432667705559322,0.0,,,all_field_expected_seconds_gap_residual_same_car_crossfit_v7_4,637,17,16.0,0.9411764705882353,22.588235294117645,5.647058823529411,26.352941176470587,8.470588235294118,383.99999999999994,95.99999999999999,1511.4139603786834,1520.7015755464922,0,1.0,33,1.1690137858086438,0.4710326255303536,0.4927706736574255,,0.0,1512.582974164492,1512.582974164492,1504.7467810447629,retrospective_first_five_backcast_previous_season_anchor_frozen_v7_5
rosa,2000,San Marino Grand Prix,Pedro de la Rosa,Arrows,Arrows,13,0.0013666551681716863,0.23198369076114292,1995-2005_3l_v10,62,0.0,16.860000000000003,16.860000000000003,2.5060000000000002,imola,0.7267118015177636,open_meteo_era5_air_temperature_track_proxy,3,2000-04-09,jolpica_cross_fitted_xw_xp,0.0,16,Spun off,-3.0,5.318281620309335,8,prior_same_circuit_grid_movement,driver_fault,0.0,True,1481.9217691516908,0.0,0.4746069609781084,-0.24436942647130913,0.2667558938967966,-0.02302267902833821,-0.1099662419120891,0.33344486737099577,-0.0034534018542507314,1.6013897965860493,0.028069760378071514,0.4892443906425832,11.725867796505753,0.02,0.0,0.05880602015151773,-0.1099662419120891,0.33344486737099577,-0.0034534018542507314,-0.00795148865084771,-0.004598951896763985,-0.0009481673121635656,-0.01280600990583605,0.0575189077677514,-0.000995477578365156,0.4761291645575181,0.03819371627290295,0.032071194156536025,0.029456595250603543,0.026221584686118682,-0.007376085743408332,-0.004761486837475851,-0.0015264762729909898,-0.007376085743408332,cross_fitted,season_grid_average,example_precomputed_capabilities,0.7069988020349103,0.0,0.0,0.024695108413127692,0.5198465848410683,0.03819371627290295,0.4761291645575181,0.24999999999999997,0.7,0.003374651964943822,-0.03060219419848509,-0.028069760378071514,-0.4892443906425832,-9.480073280640214,-2.3887748446249635,-11.868848125265178,0.0,1470.0529210264256,revised_v3_parallel,prior_similar_races_current_season_only,field_centered_bounded_no_teammate_term,pedrodelarosa,pedro-de-la-rosa,arrows,arrows-f1-team,arrows-a21,arrows-a21,exact_chassis,arrows-a21,Spun off,driver_fault,13.0,13,True,12.0,1:26.349,True,False,,,,True,0.6041666666666667,-0.6041666666666667,-0.21377536479939302,-1.2839425975672534,0.09048730200927481,-0.6819791340953618,0.003963229204648719,full_same_season_static_retrospective_baseline_plus_shape_distributions_v9,constructor_lineage_regulation_and_stability_shrunk,-24.304917784474977,1457.6168513672158,1397.5319382620241,0.45148461232975046,1458.0683359795455,1446.1994878542803,3c8c9f0a75e55727,0.3705940867642995,0.0156,0.20263424518743667,0.0,0.0,0.22095671981776766,0.13895216400911162,0.3712984054669704,0.15945330296127563,0.10933940774487472,0.0851063829787234,1.6210739614994936,0.0,1.2158054711246202,0.0,0.8105369807497468,3.11969410703195,0.6042481692396054,-0.2069127067871999,-1.2839425975672534,0.09048730200927481,-0.6819791340953618,0.003963229204648719,full_same_season_static_retrospective_baseline_plus_shape_distributions_v9,constructor_lineage_regulation_and_stability_shrunk,high,baseline_plus_shape_distributions_v9,-1.1502496634429729,8.721360541530005e-05,full_same_season_static_retrospective,1452.4261136253665,-0.006398964014406031,16,DNF,,5499.776,62.0,,0.0,unavailable,,1.0,scheduled_distance_unavailable_assume_full,1389.7627751651942,0.02219071466702156,0.0,0.0,0.0,0.0,,0.0,,0.0,0.0,0.0,0.00802841742507622,6.203583446459692,1,-0.00802841742507622,0.0,0.0,0.0,all_field_expected_seconds_gap_residual_same_car_crossfit_v7_4,637,17,16.0,0.9411764705882353,22.588235294117645,5.647058823529411,26.352941176470587,8.470588235294118,383.99999999999994,95.99999999999999,1452.0902689896532,1526.4747888593474,0,1.0,9,0.33584463571336864,0.41286962785116316,0.3630858379495067,-0.3630858379495067,-10.07652521434088,1442.3495884110257,1442.3495884110257,1495.0130582108334,retrospective_first_five_backcast_previous_season_anchor_frozen_v7_5
ralf_schumacher,2000,San Marino Grand Prix,Ralf Schumacher,Williams,Williams,5,0.03265172777431449,0.7128770438483223,1995-2005_3l_v10,62,0.0,16.860000000000003,16.860000000000003,2.5060000000000002,imola,0.7267118015177636,open_meteo_era5_air_temperature_track_proxy,3,2000-04-09,jolpica_cross_fitted_xw_xp,0.0,17,Fuel system,-12.0,5.318281620309335,8,prior_same_circuit_grid_movement,mechanical,,False,1470.6454970409468,0.0,0.46376772953346784,-0.33122819180256735,1.078327172541405,1.134887083553395,-0.1490526863111553,1.3479089656767562,0.17023306253300927,1.6013897965860493,0.09830085991355914,0.6581283162162288,8.179305359459196,0.08,0.0048013617144565535,0.15519863828554345,-0.1490526863111553,1.3479089656767562,0.17023306253300927,-0.027207339155257197,0.06719104371632056,0.006631624880642229,-0.0245213064227265,0.19266414983660077,0.01817563776698964,0.6022327718619697,0.06333936283227992,0.14949688363286612,0.05264887213428562,0.10363448701988544,-0.03954219135888061,0.05730582013969989,0.00632020525410007,-0.03954219135888061,cross_fitted,season_grid_average,example_precomputed_capabilities,0.7069988020349103,-1.3877787807814457e-17,0.0,0.10995469227398551,0.7885512530428336,0.06333936283227992,0.6022327718619697,0.24999999999999997,0.7,-0.011653832360426372,-0.13042293682660477,-0.09830085991355914,,0.0,0.0,0.0,0.0,1470.6454970409468,revised_v3_parallel,prior_similar_races_current_season_only,field_centered_bounded_no_teammate_term,ralfschumacher,ralf-schumacher,williams,bmw-williamsf1-team,williams-fw22,williams-fw22,exact_chassis,williams-fw22,Fuel pressure,mechanical,5.0,5,True,9.0,1:25.871,True,False,,,,False,0.6041666666666667,,0.06719219012505696,0.23890148013038223,0.09048730200927481,0.2178952154193107,0.051838272029505875,full_same_season_static_retrospective_baseline_plus_shape_distributions_v9,constructor_lineage_regulation_and_stability_shrunk,39.48043879415608,1510.1259358351028,1577.5992429984847,1.7617210850715477,1511.8876569201743,1511.8876569201743,3c8c9f0a75e55727,0.3705940867642995,0.0156,0.20263424518743667,0.0,0.0,0.22095671981776766,0.13895216400911162,0.3712984054669704,0.15945330296127563,0.10933940774487472,0.0851063829787234,1.6210739614994936,0.0,1.2158054711246202,0.0,0.8105369807497468,3.11969410703195,0.6042481692396054,0.07122126230943886,0.23890148013038223,0.09048730200927481,0.2178952154193107,0.051838272029505875,full_same_season_static_retrospective_baseline_plus_shape_distributions_v9,constructor_lineage_regulation_and_stability_shrunk,high,baseline_plus_shape_distributions_v9,0.47515206828862244,0.00906671497705657,full_same_season_static_retrospective,1561.6960871508297,0.07489388963987172,17,DNF,,5499.776,62.0,,0.0,unavailable,,1.0,scheduled_distance_unavailable_assume_full,1588.7561893871896,0.04770485757249804,0.0,0.0,0.0,0.0,,0.0,,0.0,0.0,0.0,-0.0016539225354641576,6.656139494492156,1,0.0016539225354641576,0.0,,,all_field_expected_seconds_gap_residual_same_car_crossfit_v7_4,637,17,16.0,0.9411764705882353,22.588235294117645,5.647058823529411,26.352941176470587,8.470588235294118,383.99999999999994,95.99999999999999,1560.1676257649399,1520.7015755464922,0,1.0,40,1.5284613858897866,0.519090958585277,0.6152224527272022,,0.0,1561.6960871508297,1561.6960871508297,1486.4709127440763,retrospective_first_five_backcast_previous_season_anchor_frozen_v7_5
alesi,2000,San Marino Grand Prix,Jean Alesi,Prost,Prost,15,0.011957249317638176,0.5658056084078565,1995-2005_3l_v10,62,0.0,16.860000000000003,16.860000000000003,2.5060000000000002,imola,0.7267118015177636,open_meteo_era5_air_temperature_track_proxy,3,2000-04-09,jolpica_cross_fitted_xw_xp,0.0,18,Hydraulics,-3.0,5.318281620309335,8,prior_same_circuit_grid_movement,mechanical,,False,1359.5982223631236,0.0,0.3595757159434198,-1.1866021200999064,-0.04554000817355243,-1.9860523962184407,-0.5339709540449579,-0.05692501021694053,-0.2979078594327661,1.6013897965860493,0.015620066505681192,0.41251988481591584,13.337082418865768,0.02,0.0,0.05880602015151773,-0.5339709540449579,-0.05692501021694053,-0.2979078594327661,-0.010598328695317565,-0.009499763921203122,-0.003950746124607301,-0.07334606148348319,0.0031808494846289337,-0.036320347082722165,0.4444655525403888,0.03365669556152718,0.016686108096776873,0.0161553720289253,0.012063857948447011,-0.007078251276377682,-0.00654751520852611,-0.00245600112804782,-0.007078251276377682,cross_fitted,season_grid_average,example_precomputed_capabilities,0.7069988020349103,0.0,0.0,0.009607856820399191,0.33797999345881236,0.03365669556152718,0.4444655525403888,0.24999999999999997,0.7,0.0060122096852820005,0.07453989135710348,-0.015620066505681192,,0.0,0.0,0.0,0.0,1359.5982223631236,revised_v3_parallel,prior_similar_races_current_season_only,field_centered_bounded_no_teammate_term,jeanalesi,jean-alesi,prost,gauloises-prost-peugeot,prost-ap03,prost-ap03,exact_chassis,prost-ap03,Hydraulics,mechanical,15.0,15,True,12.0,1:26.824,True,False,,,,False,0.6041666666666667,,-0.20548069972715827,-0.125372919146475,0.09048730200927481,-0.5812603202973263,0.005284759901472946,full_same_season_static_retrospective_baseline_plus_shape_distributions_v9,constructor_lineage_regulation_and_stability_shrunk,172.45349402435332,1532.051716387477,1543.527295600792,-0.571752823232757,1531.4799635642441,1531.4799635642441,3c8c9f0a75e55727,0.3705940867642995,0.0156,0.20263424518743667,0.0,0.0,0.22095671981776766,0.13895216400911162,0.3712984054669704,0.15945330296127563,0.10933940774487472,0.0851063829787234,1.6210739614994936,0.0,1.2158054711246202,0.0,0.8105369807497468,3.11969410703195,0.6042481692396054,-0.20526509773751725,-0.125372919146475,0.09048730200927481,-0.5812603202973263,0.005284759901472946,full_same_season_static_retrospective_baseline_plus_shape_distributions_v9,constructor_lineage_regulation_and_stability_shrunk,high,baseline_plus_shape_distributions_v9,-1.0098586847303406,0.00013025283238890083,full_same_season_static_retrospective,1589.0511513985352,0.015473812553028266,18,DNF,,5499.776,62.0,,0.0,unavailable,,1.0,scheduled_distance_unavailable_assume_full,1547.0478619052153,0.04063446444415196,0.0,0.0,0.0,0.0,,0.0,,0.0,0.0,0.0,-0.011541804431646747,3.85667038843223,1,0.011541804431646747,0.0,,,all_field_expected_seconds_gap_residual_same_car_crossfit_v7_4,637,17,16.0,0.9411764705882353,22.588235294117645,5.647058823529411,26.352941176470587,8.470588235294118,383.99999999999994,95.99999999999999,1590.0281212245782,1492.4602196141823,0,1.0,119,-0.9769698260429958,0.5457669657828497,0.5209103752728733,,0.0,1589.0511513985352,1589.0511513985352,1487.5825166404686,retrospective_first_five_backcast_previous_season_anchor_frozen_v7_5
heidfeld,2000,San Marino Grand Prix,Nick Heidfeld,Prost,Prost,22,0.004353712120268677,0.4049796615721032,1995-2005_3l_v10,62,0.0,16.860000000000003,16.860000000000003,2.5060000000000002,imola,0.7267118015177636,open_meteo_era5_air_temperature_track_proxy,3,2000-04-09,jolpica_cross_fitted_xw_xp,0.0,19,Hydraulics,3.0,5.318281620309335,8,prior_same_circuit_grid_movement,mechanical,,False,1498.9804527072674,0.0,0.49102394486728373,-0.11296995532851285,-0.04554000817355243,-1.9860523962184407,-0.050836479897830786,-0.05692501021694053,-0.2979078594327661,1.6013897965860493,0.011894540154113231,0.33241292269478606,15.019328623409493,0.0,0.0,0.0,-0.050836479897830786,-0.05692501021694053,-0.2979078594327661,-0.003023954374198565,-0.007008250855733905,-0.002934691822727919,0.0009683174282214546,0.014546421586204894,-0.03432309302869546,0.3380554288990668,0.02161971294360852,0.01071848739692402,0.014589564212431856,0.010943154885373911,-0.0020656715059758895,-0.005936748321483725,-0.0022903389944257807,-0.0020656715059758895,cross_fitted,season_grid_average,example_precomputed_capabilities,0.7069988020349103,0.0,0.0,0.00865281589094813,0.3192470748847977,0.02161971294360852,0.3380554288990668,0.24999999999999997,0.7,0.0032417242631651005,0.013165847809988362,-0.011894540154113231,,0.0,0.0,0.0,0.0,1498.9804527072674,revised_v3_parallel,prior_similar_races_current_season_only,field_centered_bounded_no_teammate_term,nickheidfeld,nick-heidfeld,prost,gauloises-prost-peugeot,prost-ap03,prost-ap03,exact_chassis,prost-ap03,Hydraulics,mechanical,22.0,22,True,8.0,1:28.361,True,False,,,,False,0.6041666666666667,,-0.20548069972715827,-0.125372919146475,0.09048730200927481,-0.5812603202973263,0.005284759901472946,full_same_season_static_retrospective_baseline_plus_shape_distributions_v9,constructor_lineage_regulation_and_stability_shrunk,-2.0164224545058094,1496.9640302527616,1485.3786734044913,-2.3841746553736622,1494.579855597388,1494.579855597388,3c8c9f0a75e55727,0.3705940867642995,0.0156,0.20263424518743667,0.0,0.0,0.22095671981776766,0.13895216400911162,0.3712984054669704,0.15945330296127563,0.10933940774487472,0.0851063829787234,1.6210739614994936,0.0,1.2158054711246202,0.0,0.8105369807497468,3.11969410703195,0.6042481692396054,-0.20526509773751725,-0.125372919146475,0.09048730200927481,-0.5812603202973263,0.005284759901472946,full_same_season_static_retrospective_baseline_plus_shape_distributions_v9,constructor_lineage_regulation_and_stability_shrunk,high,baseline_plus_shape_distributions_v9,-1.0098586847303406,0.00013025283238890083,full_same_season_static_retrospective,1529.333826240242,0.0,19,DNF,,5499.776,62.0,,0.0,unavailable,,1.0,scheduled_distance_unavailable_assume_full,1478.546077703422,0.031222787089651125,0.0,0.0,0.0,0.0,,0.0,,0.0,0.0,0.0,-0.015656665037237314,4.107024914497572,1,0.015656665037237314,0.0,,,all_field_expected_seconds_gap_residual_same_car_crossfit_v7_4,637,17,16.0,0.9411764705882353,22.588235294117645,5.647058823529411,26.352941176470587,8.470588235294118,383.99999999999994,95.99999999999999,1531.8794990282775,1531.028435844046,0,1.0,1,-2.545672788035616,0.4874115891861117,0.4484353632322514,,0.0,1529.333826240242,1529.333826240242,1535.2361197871533,retrospective_first_five_backcast_previous_season_anchor_frozen_v7_5
button,2000,San Marino Grand Prix,Jenson Button,Williams,Williams,18,0.02840622744921249,0.6938722131844275,1995-2005_3l_v10,62,0.0,16.860000000000003,16.860000000000003,2.5060000000000002,imola,0.7267118015177636,open_meteo_era5_air_temperature_track_proxy,3,2000-04-09,jolpica_cross_fitted_xw_xp,0.0,20,Engine,-2.0,5.318281620309335,8,prior_same_circuit_grid_movement,mechanical,,False,1498.4979042236573,0.0,0.49055946790003735,-0.11668692535967329,1.078327172541405,1.134887083553395,-0.052509116411852984,1.3479089656767562,0.17023306253300927,1.6013897965860493,0.04635969000126297,0.4780168852277462,11.96164541021733,0.02,0.0,0.05880602015151773,-0.052509116411852984,1.3479089656767562,0.17023306253300927,-0.009118340515489539,0.030772544743549745,0.0030368713542782847,-0.004510647889198369,0.25032523217962505,0.021684272675292927,0.39776722813803034,0.027841383314509097,0.0657126920043153,0.024828556755060883,0.04947221832574118,-0.013180233107467715,0.027703902141786703,0.003060240571106404,-0.013180233107467715,cross_fitted,season_grid_average,example_precomputed_capabilities,0.7069988020349103,0.0,0.0,0.052532458896847586,0.66526608510375,0.027841383314509097,0.39776722813803034,0.24999999999999997,0.7,-0.0061727688955846155,-0.18724919987600375,-0.04635969000126297,,0.0,0.0,0.0,0.0,1498.4979042236573,revised_v3_parallel,prior_similar_races_current_season_only,field_centered_bounded_no_teammate_term,jensonbutton,jenson-button,williams,bmw-williamsf1-team,williams-fw22,williams-fw22,exact_chassis,williams-fw22,Engine,mechanical,18.0,18,True,11.0,1:27.135,True,False,,,,False,0.6041666666666667,,0.06719219012505696,0.23890148013038223,0.09048730200927481,0.2178952154193107,0.051838272029505875,full_same_season_static_retrospective_baseline_plus_shape_distributions_v9,constructor_lineage_regulation_and_stability_shrunk,-1.9792310351858668,1496.5186731884714,1595.3583309308121,-1.8792206497208204,1494.6394525387507,1494.6394525387507,3c8c9f0a75e55727,0.3705940867642995,0.0156,0.20263424518743667,0.0,0.0,0.22095671981776766,0.13895216400911162,0.3712984054669704,0.15945330296127563,0.10933940774487472,0.0851063829787234,1.6210739614994936,0.0,1.2158054711246202,0.0,0.8105369807497468,3.11969410703195,0.6042481692396054,0.07122126230943886,0.23890148013038223,0.09048730200927481,0.2178952154193107,0.051838272029505875,full_same_season_static_retrospective_baseline_plus_shape_distributions_v9,constructor_lineage_regulation_and_stability_shrunk,high,baseline_plus_shape_distributions_v9,0.47515206828862244,0.00906671497705657,full_same_season_static_retrospective,1575.864274261075,0.0,20,DNF,,5499.776,62.0,,0.0,unavailable,,1.0,scheduled_distance_unavailable_assume_full,1593.6300108149778,0.04860754159116659,0.0,0.0,0.0,0.0,,0.0,,0.0,0.0,0.0,0.012100565282723724,6.931007487356686,1,-0.012100565282723724,0.0,,,all_field_expected_seconds_gap_residual_same_car_crossfit_v7_4,637,17,16.0,0.9411764705882353,22.588235294117645,5.647058823529411,26.352941176470587,8.470588235294118,383.99999999999994,95.99999999999999,1577.9267136972674,1531.028435844046,0,1.0,1,-2.062439436192377,0.5329286598278697,0.553759447623442,,0.0,1575.864274261075,1575.864274261075,1578.6650817140771,retrospective_first_five_backcast_previous_season_anchor_frozen_v7_5
gene,2000,San Marino Grand Prix,Marc Gené,Minardi,Minardi,21,0.0016932821545576876,0.2615910810984796,1995-2005_3l_v10,62,0.0,16.860000000000003,16.860000000000003,2.5060000000000002,imola,0.7267118015177636,open_meteo_era5_air_temperature_track_proxy,3,2000-04-09,jolpica_cross_fitted_xw_xp,0.0,21,Spun off,0.0,5.318281620309335,8,prior_same_circuit_grid_movement,driver_fault,0.0,True,1496.2042547751664,0.0,0.4883516816934345,-0.13435442728247815,0.19952006974872108,-0.42558265633252296,-0.06045949227711517,0.24940008718590134,-0.06383739844987844,1.6013897965860493,0.016119478083067844,0.368608328459339,14.25922510235388,0.0,0.0,0.0,-0.06045949227711517,0.24940008718590134,-0.06383739844987844,-0.003962993097513313,-0.004039847338931334,-0.0012123347129859214,-0.0014525144429036831,0.06201858287403657,-0.007339232559197282,0.3526402776977583,0.023030859445140762,0.01727360815511606,0.01775438273676861,0.015224567482369064,-0.0034579238594058676,-0.003938698441058416,-0.0014088831866588703,-0.0034579238594058676,cross_fitted,season_grid_average,example_precomputed_capabilities,0.7069988020349103,0.0,6.938893903907228e-18,0.013815684295710194,0.4058671135696939,0.023030859445140762,0.3526402776977583,0.24999999999999997,0.7,0.0023037937873576497,-0.03725878511035491,-0.016119478083067844,-0.368608328459339,-7.02181738626173,-2.3887748446249626,-9.410592230886692,0.0,1486.7936625442796,revised_v3_parallel,prior_similar_races_current_season_only,field_centered_bounded_no_teammate_term,marcgene,marc-gene,minardi,telefonica-minardi-fondmetal,minardi-m02,minardi-m02,exact_chassis,minardi-m02,Spun off,driver_fault,21.0,21,True,11.0,1:28.333,True,False,,,,True,0.6041666666666667,-0.6041666666666667,-0.18065646164916901,-1.098328019497615,0.09048730200927481,-0.5779287463904887,0.005335304562196764,full_same_season_static_retrospective_baseline_plus_shape_distributions_v9,constructor_lineage_regulation_and_stability_shrunk,-28.45016425685015,1467.7540905183162,1408.4562617432473,-1.9663685213059594,1465.7877219970103,1456.3771297661235,3c8c9f0a75e55727,0.3705940867642995,0.0156,0.20263424518743667,0.0,0.0,0.22095671981776766,0.13895216400911162,0.3712984054669704,0.15945330296127563,0.10933940774487472,0.0851063829787234,1.6210739614994936,0.0,1.2158054711246202,0.0,0.8105369807497468,3.11969410703195,0.6042481692396054,-0.17503711524624302,-1.098328019497615,0.09048730200927481,-0.5779287463904887,0.005335304562196764,full_same_season_static_retrospective_baseline_plus_shape_distributions_v9,constructor_lineage_regulation_and_stability_shrunk,high,baseline_plus_shape_distributions_v9,-0.9581492757338407,0.00015099075273084295,full_same_season_static_retrospective,1452.8192046044194,0.025401037823600734,21,DNF,,5499.776,62.0,,0.0,unavailable,,1.0,scheduled_distance_unavailable_assume_full,1410.943052341118,0.024074099370619214,0.0,0.0,0.0,0.0,,0.0,,0.0,0.0,0.0,-0.021780635314611132,8.94137071330361,1,0.021780635314611132,0.0,0.0,0.0,all_field_expected_seconds_gap_residual_same_car_crossfit_v7_4,637,17,16.0,0.9411764705882353,22.588235294117645,5.647058823529411,26.352941176470587,8.470588235294118,383.99999999999994,95.99999999999999,1454.6905614544864,1526.4747888593474,0,1.0,15,-1.871356850067135,0.4132444282433394,0.40278353136265876,-0.40278353136265876,-10.973226053790903,1441.8459785506284,1441.8459785506284,1485.7115825318508,retrospective_first_five_backcast_previous_season_anchor_frozen_v7_5
frentzen,2000,San Marino Grand Prix,Heinz-Harald Frentzen,Jordan,Jordan,6,0.08244041282155228,0.8244156732932326,1995-2005_3l_v10,62,0.0,16.860000000000003,16.860000000000003,2.5060000000000002,imola,0.7267118015177636,open_meteo_era5_air_temperature_track_proxy,3,2000-04-09,jolpica_cross_fitted_xw_xp,0.0,22,Gearbox,-16.0,5.318281620309335,8,prior_same_circuit_grid_movement,mechanical,,False,1552.453582485475,0.0,0.5423049367144707,0.29892237799926064,0.5491663203703177,-0.02302267902833821,0.1345150700996673,0.686457900462897,-0.0034534018542507314,1.6013897965860493,0.06271316620220076,0.6208066359874442,8.96306064426367,0.1,0.016844242532462014,0.18315575746753798,0.1345150700996673,0.686457900462897,-0.0034534018542507314,-0.004502629554839319,0.011035652211448112,-0.0021933800782829175,0.02097956640775476,0.0951634848057624,-0.0028154094979025617,0.5868083434727599,0.05945843426845632,0.068593043310333,0.05468058118001482,0.06775026209136215,-0.004794966463550807,0.009117495666767374,-0.0039521852445799505,-0.004794966463550807,cross_fitted,season_grid_average,example_precomputed_capabilities,0.7069988020349103,1.734723475976807e-18,1.3877787807814457e-17,0.0637980768467822,0.7001359851883745,0.05945843426845632,0.5868083434727599,0.24999999999999997,0.7,-0.0010849106445814383,-0.07932934920093027,-0.06271316620220076,,0.0,0.0,0.0,0.0,1552.453582485475,revised_v3_parallel,prior_similar_races_current_season_only,field_centered_bounded_no_teammate_term,heinzharaldfrentzen,heinz-harald-frentzen,jordan,benson-hedges-jordan,,jordan-ej10|jordan-ej10b,ambiguous_chassis_constructor_fallback,constructor:jordan,Gearbox,mechanical,6.0,6,True,12.0,1:25.892,True,False,,,,False,0.6041666666666667,,-0.0851222020405632,0.45783277975943026,0.09048730200927481,-0.20906996199110517,0.015305744444734207,full_same_season_static_retrospective_baseline_plus_shape_distributions_v9,constructor_lineage_regulation_and_stability_shrunk,93.97731025721119,1646.4308927426862,1629.1884817703703,1.090563559258394,1647.5214563019447,1647.5214563019447,3c8c9f0a75e55727,0.3705940867642995,0.0156,0.20263424518743667,0.0,0.0,0.22095671981776766,0.13895216400911162,0.3712984054669704,0.15945330296127563,0.10933940774487472,0.0851063829787234,1.6210739614994936,0.0,1.2158054711246202,0.0,0.8105369807497468,3.11969410703195,0.6042481692396054,-0.08883637684995357,0.45783277975943026,0.09048730200927481,-0.20906996199110517,0.015305744444734207,full_same_season_static_retrospective_baseline_plus_shape_distributions_v9,constructor_lineage_regulation_and_stability_shrunk,high,baseline_plus_shape_distributions_v9,-0.3193198103586556,0.0009367773544378954,full_same_season_static_retrospective,1646.8993583773586,0.06819176204052352,22,DNF,,5499.776,62.0,,0.0,unavailable,,1.0,scheduled_distance_unavailable_assume_full,1640.1490649888206,0.05813094479791959,0.0,0.0,0.0,0.0,,0.0,,0.0,0.0,0.0,0.010681556433872672,7.228469308836784,1,-0.010681556433872672,0.0,,,all_field_expected_seconds_gap_residual_same_car_crossfit_v7_4,637,17,16.0,0.9411764705882353,22.588235294117645,5.647058823529411,26.352941176470587,8.470588235294118,383.99999999999994,95.99999999999999,1645.9140787296587,1489.0827311586538,0,1.0,73,0.9852796476998866,0.6012455317018299,0.6565282351966064,,0.0,1646.8993583773586,1646.8993583773586,1470.0019797075329,retrospective_first_five_backcast_previous_season_anchor_frozen_v7_5
