driver_id,season,event,driver,constructor,team,grid,v02_XW,v02_XP,regulation_era,race_distance_laps,wet_fraction,track_temperature,air_temperature,wind_speed,circuit_id,overtake_index,weather_source,round,date,source,observed_winner,position,status,positions_gained,overtake_proxy_raw,circuit_history_races,overtake_source,status_class,observed_performance,rating_eligible,pre_rating,season_reversion_delta,driver_expected_from_rating,driver_score_raw_revised,car_score_raw_revised,team_score_raw_revised,XdW_score_revised,XcW_score_revised,XtW_score_revised,car_effective_prior_races,XW,XP,expected_position,XW_simulated,XW_lower_95,XW_upper_95,XdW_score,XcW_score,XtW_score,XdW_probability_contribution,XcW_probability_contribution,XtW_probability_contribution,XdP_performance_contribution,XcP_performance_contribution,XtP_performance_contribution,XP_neutral_baseline,XW_neutral_baseline,XW_with_neutral_driver,XW_with_neutral_car,XW_with_neutral_team,driver_direct_uplift,car_direct_uplift,team_direct_uplift,driver_above_car_expectation,analysis_mode,neutral_reference,data_quality,model_confidence,decomposition_error,xp_decomposition_error,XW_raw_revised,XP_raw_revised,XW_neutral_revised,XP_neutral_revised,xw_calibration_shrinkage,xp_calibration_shrinkage,xw_calibration_adjustment,xp_calibration_adjustment,win_surprise,performance_surprise,raw_rating_delta,field_centering_adjustment,rating_delta,teammate_rating_delta,post_rating,model_version,car_prior_scope,rating_update_method,driver_name_key,driver_id_f1db,constructor_id_f1db,entrant_id,car_model_id,car_model_candidates,car_identity_resolution,model_entity_id,reason_retired_f1db,status_class_f1db,qualifying_position,qualifying_position_text,qualifying_eligible,qualifying_laps,qualifying_time,f1db_joined,clean_pass_proxy_eligible,clean_grid_rank,clean_finish_rank,clean_positions_gained,car_fit_eligible,field_performance,relative_performance,current_car_score_raw,constructor_prior_z_x,prior_weight_total_x,car_suitability_score_v6,expected_car_win_v6,car_model_scope_v6,car_prior_scope_v6,qualifying_rating_carried_v6,pre_qualifying_rating_v6,pre_session_strength,qualifying_delta_v6,pre_race_rating_v6,post_event_rating_v6,layout_key,straight_demand,altitude_demand,top_three_straight_share,straight_600_1000_track_share,straight_over_1000_track_share,radius_under_50_distance_share,radius_50_90_distance_share,radius_90_150_distance_share,radius_150_250_distance_share,radius_250_450_distance_share,steady_long_turn_distance_share,opposite_direction_links_per_km,same_direction_links_per_km,multi_turn_complexes_per_km,multi_apex_turns_per_km,tightening_turns_per_km,approach_severity_per_km,top_three_turning_share,current_car_score_raw_v7_6,constructor_prior_z_y,prior_weight_total_y,car_suitability_score_v7_6,expected_car_win_v7_6,car_model_scope_v7_6,car_prior_scope_v7_6,shape_topology_quality,car_suitability_model_branch_v7_6,car_suitability_score_v6_baseline,expected_car_win_v6_baseline,car_model_scope_v6_baseline,retrospective_pre_race_rating,driver_context_adjustment,result_order,finish_position_text,gap_laps,winner_race_time_seconds,winner_race_laps,cumulative_gap_share,cumulative_gap_reliability,cumulative_gap_quality,race_completion_fraction_v7_4,race_completion_reliability_v7_4,race_completion_quality_v7_4,pairwise_pre_race_strength_v7_4,field_xw_v7_4,margin_comparison_count,margin_comparison_weight,weighted_pair_gap_residual,same_car_margin_comparisons,eligible_timed_field_size,margin_race_completion_reliability,mean_pair_gap_residual_score,margin_pair_coverage,margin_field_depth_factor,raw_pairwise_margin_performance_adjustment,crossfit_car_margin_component,crossfit_car_margin_effective_rows,crossfit_car_margin_other_drivers,driver_margin_adjustment_before_centering,pairwise_margin_performance_adjustment,observed_performance_position_only,gap_adjusted_observed_performance,pairwise_margin_model,event_index,season_rounds,calendar_reference_rounds,calendar_k_multiplier,effective_race_k,effective_qualifying_k,effective_max_race_delta,effective_max_qualifying_delta,scheduled_race_k_budget,scheduled_qualifying_k_budget,retrospective_pre_qualifying_rating,retrospective_debut_anchor,inactivity_seasons,return_uncertainty_multiplier,driver_context_prior_samples,retrospective_qualifying_delta,retrospective_driver_expected_from_rating,retrospective_expected_performance,retrospective_performance_residual,retrospective_race_delta,retrospective_post_rating,retrospective_rating,debut_rating_frozen,rating_history_scope
max_verstappen,2022,French Grand Prix,Max Verstappen,Red Bull,Red Bull,2,0.2477393297328701,0.8975139206199902,2022-2025_ground_effect,53,0.0,31.18,31.18,3.4240000000000004,ricard,0.5352097058020547,open_meteo_era5_air_temperature_track_proxy,12,2022-07-24,jolpica_cross_fitted_xw_xp,1.0,1,Finished,1.0,2.3030158438468558,8,prior_same_circuit_grid_movement,finished,0.9875361434334285,True,1772.6199952009451,0.0,0.6866360263794631,0.5725252972930721,1.68914652427048,-1.291959194748359,0.25763638378188247,2.1114331553381,-0.19379387921225386,5.859272699284349,0.2232634033357478,0.8038926487038616,4.72603967462663,0.24,0.12161859605495463,0.35838140394504536,0.25763638378188247,2.1114331553381,-0.19379387921225386,0.027357941751265227,0.15321547990246823,-0.012326586743835587,0.027092674188843736,0.22384572554199392,-0.017328576181481554,0.6637267545742478,0.08866593540782948,0.20819031713241085,0.08121595059258441,0.2734207412231881,0.04872245318531651,0.17569681972514295,-0.016507970905460745,0.04872245318531651,cross_fitted,season_grid_average,example_precomputed_capabilities,0.7427266977230038,2.7755575615628914e-17,0.0,0.25691277031772736,0.8973365781236039,0.08866593540782948,0.6637267545742478,0.2,0.39999999999999997,-0.03364936698197957,-0.09344392941974233,0.7767365966642522,0.19610735129613843,22.171610643272544,-0.178717234795716,21.992893408476828,0.0,1794.612888609422,revised_v3_parallel,prior_similar_races_current_season_only,field_centered_bounded_no_teammate_term,maxverstappen,max-verstappen,red-bull,oracle-red-bull-racing,red-bull-rb18,red-bull-rb18,exact_chassis,red-bull-rb18,,finished,2.0,2,True,14.0,1:31.176,True,True,1.0,1.0,0.0,True,0.5096952908587258,0.4903047091412742,0.35699835845931976,0.0,0.0,1.2098975458436076,0.5721080502719154,full_same_season_static_retrospective_baseline_plus_shape_distributions_v9,constructor_lineage_regulation_and_stability_shrunk,187.51469474063782,1960.134689941583,1988.56219922177,0.6389315150486762,1960.7736214566316,1982.7665148651085,4f5d31e40b89bb02,0.18533556264095186,0.1704,0.2172797262617622,0.0,0.0,0.9471698113207547,0.052830188679245285,0.0,0.0,0.0,0.1223267750213858,2.737382378100941,0.0,1.7108639863130881,0.0,0.1710863986313088,8.273625685696993,0.16249060902912385,0.35365507845157607,0.0,0.0,1.2098975458436076,0.5721080502719154,full_same_season_static_retrospective_baseline_plus_shape_distributions_v9,constructor_lineage_regulation_and_stability_shrunk,high,baseline_plus_shape_distributions_v9,1.745806360213987,0.7294558721982348,full_same_season_static_retrospective,1892.6116901896837,0.08797251856086098,1,1,,5402.112,53.0,0.0,1.0,winner_origin,,1.0,scheduled_distance_unavailable_assume_full,1983.3914615031088,0.12693874270044367,15.0,16.7,-0.15295459692838828,1.0,16.0,1.0,-0.00915895789990349,1.0,0.8885233166386386,-0.003255179060070364,0.009502816222611501,13.644704404704376,1,-0.012757995282681865,-0.01246385656657149,1.0,0.9875361434334285,all_field_expected_seconds_gap_residual_same_car_crossfit_v7_4,1057,22,16.0,0.7272727272727273,17.454545454545453,4.363636363636363,20.363636363636363,6.545454545454546,384.0,96.0,1891.7703955542813,1629.7265680024072,0,1.0,134,0.8412946354023838,0.6842988360221971,0.8430788870152165,0.14445725641821205,2.9306272012762236,1895.5423173909599,1895.5423173909599,1577.675665102829,retrospective_first_five_backcast_previous_season_anchor_frozen_v7_5
hamilton,2022,French Grand Prix,Lewis Hamilton,Mercedes,Mercedes,4,0.21795862660040238,0.8867399656117145,2022-2025_ground_effect,53,0.0,31.18,31.18,3.4240000000000004,ricard,0.5352097058020547,open_meteo_era5_air_temperature_track_proxy,12,2022-07-24,jolpica_cross_fitted_xw_xp,0.0,2,Finished,2.0,2.3030158438468558,8,prior_same_circuit_grid_movement,finished,0.8514930804940338,True,2777.775356024183,0.0,0.9885470992232633,3.5632472298772364,-0.02521868001198196,1.2437837646418093,1.6034612534447563,-0.03152335001497745,0.1865675646962714,5.859272699284349,0.09700873692520758,0.7309109436752133,6.112692070170948,0.06,0.0,0.12582799404508693,1.6034612534447563,-0.03152335001497745,0.1865675646962714,0.10199309106619103,-0.08973932227360318,0.014468858915118525,0.19015648709639643,-0.037345096457024274,0.02060885148271979,0.626858798401958,0.07563063475904246,0.03282370779634926,0.23319149007199955,0.08290584011716162,0.06952955467039959,-0.1308382276052507,0.019447422349587226,0.06952955467039959,cross_fitted,season_grid_average,example_precomputed_capabilities,0.7427266977230038,1.3877787807814457e-17,0.0,0.10235326246674885,0.80027904052405,0.07563063475904246,0.626858798401958,0.2,0.39999999999999997,-0.005344525541541273,-0.06936809684883671,-0.09700873692520758,0.21645747737741838,1.568024906588549,-0.17871723479571733,1.3893076717928317,0.0,2779.164663695976,revised_v3_parallel,prior_similar_races_current_season_only,field_centered_bounded_no_teammate_term,lewishamilton,lewis-hamilton,mercedes,mercedes-amg-petronas-f1-team,mercedes-f1-w13,mercedes-f1-w13,exact_chassis,mercedes-f1-w13,,finished,4.0,4,True,19.0,1:31.765,True,True,3.0,2.0,1.0,True,0.5096952908587258,0.43767313019390586,0.24052239715474633,0.0,0.0,0.8792794532898397,0.22245053249769772,full_same_season_static_retrospective_baseline_plus_shape_distributions_v9,constructor_lineage_regulation_and_stability_shrunk,75.54932692833421,2853.3246829525174,2015.5567217253679,-0.9051982147343797,2852.419484737783,2853.8087924095757,4f5d31e40b89bb02,0.18533556264095186,0.1704,0.2172797262617622,0.0,0.0,0.9471698113207547,0.052830188679245285,0.0,0.0,0.0,0.1223267750213858,2.737382378100941,0.0,1.7108639863130881,0.0,0.1710863986313088,8.273625685696993,0.16249060902912385,0.25701485642510125,0.0,0.0,0.8792794532898397,0.22245053249769772,full_same_season_static_retrospective_baseline_plus_shape_distributions_v9,constructor_lineage_regulation_and_stability_shrunk,high,baseline_plus_shape_distributions_v9,1.1820061608108354,0.14568418510534378,full_same_season_static_retrospective,1945.512745860579,0.015380550197212298,2,2,,5402.112,53.0,0.0019597890602786466,1.0,exact_seconds,,1.0,scheduled_distance_unavailable_assume_full,2066.9219839988446,0.1750332348851454,15.0,16.7,-2.9291131856517705,1.0,16.0,1.0,-0.1753959991408246,1.0,0.8885233166386386,-0.062337373952701315,0.033832105322006895,14.908235279407636,1,-0.0961694792747082,-0.09587534055859782,0.9473684210526316,0.8514930804940338,all_field_expected_seconds_gap_residual_same_car_crossfit_v7_4,1057,22,16.0,0.7272727272727273,17.454545454545453,4.363636363636363,20.363636363636363,6.545454545454546,384.0,96.0,1945.2143654621807,1558.676015835862,0,1.0,285,0.2983803983981839,0.7279847385173911,0.7892351685438419,0.062257911950191924,1.4958750069253268,1947.0086208675043,1947.0086208675043,1686.4110045328134,retrospective_first_five_backcast_previous_season_anchor_frozen_v7_5
russell,2022,French Grand Prix,George Russell,Mercedes,Mercedes,6,0.21033530456272326,0.8836626827799724,2022-2025_ground_effect,53,0.0,31.18,31.18,3.4240000000000004,ricard,0.5352097058020547,open_meteo_era5_air_temperature_track_proxy,12,2022-07-24,jolpica_cross_fitted_xw_xp,0.0,3,Finished,3.0,2.3030158438468558,8,prior_same_circuit_grid_movement,finished,1.0413731039616902,True,1472.1850637836935,0.0,0.44574928373291517,-0.3213836184073763,-0.02521868001198196,1.2437837646418093,-0.14462262828331934,-0.03152335001497745,0.1865675646962714,5.859272699284349,0.03252835453570821,0.5857632997587665,8.870497304583436,0.06,0.0,0.12582799404508693,-0.14462262828331934,-0.03152335001497745,0.1865675646962714,-0.008925164017837115,-0.0367700031593802,0.0057159474404345585,-0.02247218598366914,-0.005189409538092012,0.02278759809133455,0.5886876982170225,0.06451173032513441,0.02799810146213169,0.055585280630449346,0.020197953927157754,-0.0034655908737800355,-0.03105277004209769,0.0043345566611939015,-0.0034655908737800355,cross_fitted,season_grid_average,example_precomputed_capabilities,0.7427266977230038,0.0,8.673617379884035e-19,0.024532510588351656,0.5838137007865959,0.06451173032513441,0.5886876982170225,0.2,0.39999999999999997,0.007995843947356553,0.0019495989721706186,-0.03252835453570821,0.30897354234649665,4.780843253379943,-0.17871723479571688,4.602126018584226,0.0,1476.7871898022777,revised_v3_parallel,prior_similar_races_current_season_only,field_centered_bounded_no_teammate_term,georgerussell,george-russell,mercedes,mercedes-amg-petronas-f1-team,mercedes-f1-w13,mercedes-f1-w13,exact_chassis,mercedes-f1-w13,,finished,6.0,6,True,20.0,1:32.131,True,True,5.0,3.0,2.0,True,0.5096952908587258,0.3850415512465374,0.24052239715474633,0.0,0.0,0.8792794532898397,0.22245053249769772,full_same_season_static_retrospective_baseline_plus_shape_distributions_v9,constructor_lineage_regulation_and_stability_shrunk,-15.986244283089572,1456.198819500604,1731.6810348354034,1.4904914317822162,1457.6893109323862,1462.2914369509704,4f5d31e40b89bb02,0.18533556264095186,0.1704,0.2172797262617622,0.0,0.0,0.9471698113207547,0.052830188679245285,0.0,0.0,0.0,0.1223267750213858,2.737382378100941,0.0,1.7108639863130881,0.0,0.1710863986313088,8.273625685696993,0.16249060902912385,0.25701485642510125,0.0,0.0,0.8792794532898397,0.22245053249769772,full_same_season_static_retrospective_baseline_plus_shape_distributions_v9,constructor_lineage_regulation_and_stability_shrunk,high,baseline_plus_shape_distributions_v9,1.1820061608108354,0.14568418510534378,full_same_season_static_retrospective,1662.2163047150827,0.04841776033697287,3,3,,5402.112,53.0,0.0030534353971187565,1.0,exact_seconds,,1.0,scheduled_distance_unavailable_assume_full,1695.9084707415805,0.04201391271426798,15.0,16.7,3.9059348551785433,1.0,16.0,1.0,0.2338883146813499,1.0,0.8885233166386386,0.08312608843347785,-0.06321603470683881,13.960564730281384,1,0.14634212314031667,0.14663626185642703,0.8947368421052632,1.0413731039616902,all_field_expected_seconds_gap_residual_same_car_crossfit_v7_4,1057,22,16.0,0.7272727272727273,17.454545454545453,4.363636363636363,20.363636363636363,6.545454545454546,384.0,96.0,1661.3386785722162,1656.5260774244935,0,1.0,64,0.8776261428664818,0.46787802319501093,0.5849519587842037,0.45642114517748655,8.375815077801741,1670.5921197928844,1670.5921197928844,1634.92923233186,retrospective_first_five_backcast_previous_season_anchor_frozen_v7_5
perez,2022,French Grand Prix,Sergio Pérez,Red Bull,Red Bull,3,0.057055716427427995,0.7511078007882241,2022-2025_ground_effect,53,0.0,31.18,31.18,3.4240000000000004,ricard,0.5352097058020547,open_meteo_era5_air_temperature_track_proxy,12,2022-07-24,jolpica_cross_fitted_xw_xp,0.0,4,Finished,-1.0,2.3030158438468558,8,prior_same_circuit_grid_movement,finished,0.8769631625312782,True,1344.8165121507693,0.0,0.337178803463803,-0.7003538112122799,1.68914652427048,-1.291959194748359,-0.31515921504552596,2.1114331553381,-0.19379387921225386,5.859272699284349,0.12835349973830995,0.7604240960211547,5.551942175598061,0.1,0.016844242532462014,0.18315575746753798,-0.31515921504552596,2.1114331553381,-0.19379387921225386,-0.03845189498244678,0.10488301518872092,-0.008350897413485315,-0.043993747666929664,0.25453966520095106,-0.018967258784787683,0.6454769007716143,0.0818893215040789,0.1922786212684189,0.049935984325568436,0.1481388215251317,-0.05230907697155118,0.09003355997129929,-0.008169277228263966,-0.05230907697155118,cross_fitted,season_grid_average,example_precomputed_capabilities,0.7427266977230038,-1.3877787807814457e-17,2.7755575615628914e-17,0.13996954429686773,0.8370555595208481,0.0818893215040789,0.6454769007716143,0.2,0.39999999999999997,-0.011616044558557775,-0.07663146349969341,-0.12835349973830995,0.08168116713674001,-1.6102229852581187,-0.17871723479571733,-1.788940220053836,0.0,1343.0275719307156,revised_v3_parallel,prior_similar_races_current_season_only,field_centered_bounded_no_teammate_term,sergioperez,sergio-perez,red-bull,oracle-red-bull-racing,red-bull-rb18,red-bull-rb18,exact_chassis,red-bull-rb18,,finished,3.0,3,True,20.0,1:31.335,True,True,2.0,4.0,-2.0,True,0.5096952908587258,0.3324099722991689,0.35699835845931976,0.0,0.0,1.2098975458436076,0.5721080502719154,full_same_season_static_retrospective_baseline_plus_shape_distributions_v9,constructor_lineage_regulation_and_stability_shrunk,153.7242193556431,1498.5407315064124,1844.8421224665253,2.012244460898272,1500.5529759673107,1498.764035747257,4f5d31e40b89bb02,0.18533556264095186,0.1704,0.2172797262617622,0.0,0.0,0.9471698113207547,0.052830188679245285,0.0,0.0,0.0,0.1223267750213858,2.737382378100941,0.0,1.7108639863130881,0.0,0.1710863986313088,8.273625685696993,0.16249060902912385,0.35365507845157607,0.0,0.0,1.2098975458436076,0.5721080502719154,full_same_season_static_retrospective_baseline_plus_shape_distributions_v9,constructor_lineage_regulation_and_stability_shrunk,high,baseline_plus_shape_distributions_v9,1.745806360213987,0.7294558721982348,full_same_season_static_retrospective,1749.1671422641048,0.05343239482639364,4,4,,5402.112,53.0,0.003204302317315894,1.0,exact_seconds,,1.0,scheduled_distance_unavailable_assume_full,1844.9608480238685,0.07453577360072103,15.0,16.7,0.8946479879604141,1.0,16.0,1.0,0.05357173580601282,1.0,0.8885233166386386,0.01903989455057897,-0.015523866106694168,14.299038363896447,1,0.03456376065727314,0.034857899373383516,0.8421052631578947,0.8769631625312782,all_field_expected_seconds_gap_residual_same_car_crossfit_v7_4,1057,22,16.0,0.7272727272727273,17.454545454545453,4.363636363636363,20.363636363636363,6.545454545454546,384.0,96.0,1748.0503187990366,1602.681519957469,0,1.0,207,1.1168234650681281,0.5524433464624989,0.6931622526195071,0.183800909911771,3.6173527895274344,1752.784495053632,1752.784495053632,1529.893938537416,retrospective_first_five_backcast_previous_season_anchor_frozen_v7_5
sainz,2022,French Grand Prix,Carlos Sainz,Ferrari,Ferrari,19,0.004897286426781486,0.4170856431189139,2022-2025_ground_effect,53,0.0,31.18,31.18,3.4240000000000004,ricard,0.5352097058020547,open_meteo_era5_air_temperature_track_proxy,12,2022-07-24,jolpica_cross_fitted_xw_xp,0.0,5,Finished,14.0,2.3030158438468558,8,prior_same_circuit_grid_movement,finished,0.7960723652761831,True,1338.3146479607883,0.0,0.33183487193712213,-0.7196993458366328,1.9335796780127255,-1.1056798690095846,-0.32386470562648473,2.4169745975159067,-0.1658519803514377,5.859272699284349,0.045946176893577315,0.5584157032715008,9.390101637841484,0.04,0.0,0.09431711332536,-0.32386470562648473,2.4169745975159067,-0.1658519803514377,-0.013792219324402819,0.044590171688098604,-0.0020508913232416813,-0.04432816553459527,0.4333881625107794,-0.018822567233269867,0.33627324542575215,0.022948528061214033,0.0723317126988919,0.014135507042642988,0.05379519120608759,-0.020636123597223763,0.03756008205902514,-0.002099602104419458,-0.020636123597223763,cross_fitted,season_grid_average,example_precomputed_capabilities,0.7427266977230038,-3.469446951953614e-18,0.0,0.05169558910166813,0.7065106751686664,0.022948528061214033,0.33627324542575215,0.2,0.39999999999999997,-0.005749412208090818,-0.14809497189716558,-0.045946176893577315,0.23105798093902552,3.0563354114566037,-0.17871723479571733,2.8776181766608864,0.0,1341.1922661374492,revised_v3_parallel,prior_similar_races_current_season_only,field_centered_bounded_no_teammate_term,carlossainz,carlos-sainz-jr,ferrari,scuderia-ferrari,ferrari-f1-75,ferrari-f1-75,exact_chassis,ferrari-f1-75,,finished,9.0,9,True,10.0,1:31.081,True,,,,,True,0.5096952908587258,0.27977839335180055,0.21527393287934152,0.0,0.0,0.7065479486288316,0.13580040076877956,full_same_season_static_retrospective_baseline_plus_shape_distributions_v9,constructor_lineage_regulation_and_stability_shrunk,116.66215950703042,1454.9768074678186,1809.5757013412103,0.5975947136509775,1455.5744021814696,1458.4520203581308,4f5d31e40b89bb02,0.18533556264095186,0.1704,0.2172797262617622,0.0,0.0,0.9471698113207547,0.052830188679245285,0.0,0.0,0.0,0.1223267750213858,2.737382378100941,0.0,1.7108639863130881,0.0,0.1710863986313088,8.273625685696993,0.16249060902912385,0.2065251483983327,0.0,0.0,0.7065479486288316,0.13580040076877956,full_same_season_static_retrospective_baseline_plus_shape_distributions_v9,constructor_lineage_regulation_and_stability_shrunk,high,baseline_plus_shape_distributions_v9,1.059791336106593,0.10274559173532243,full_same_season_static_retrospective,1752.9274310318335,0.056641115846515766,5,5,,5402.112,53.0,0.005344576343474552,1.0,exact_seconds,,1.0,scheduled_distance_unavailable_assume_full,1806.2549959485964,0.06422615528139636,15.0,14.7,0.415825876291847,0.0,16.0,1.0,0.028287474577676667,1.0,0.8885233166386386,0.01005363229243538,0.003749089942888998,12.541594731399503,1,0.006304542349546381,0.006598681065656756,0.7894736842105263,0.7960723652761831,all_field_expected_seconds_gap_residual_same_car_crossfit_v7_4,1057,22,16.0,0.7272727272727273,17.454545454545453,4.363636363636363,20.363636363636363,6.545454545454546,384.0,96.0,1753.0518654509037,1629.7265680024072,0,1.0,131,-0.12443441907026216,0.5560685488388654,0.663958823750924,0.13211354152525911,2.715173268599227,1755.6426043004328,1755.6426043004328,1617.6557502027053,retrospective_first_five_backcast_previous_season_anchor_frozen_v7_5
alonso,2022,French Grand Prix,Fernando Alonso,Alpine F1 Team,Alpine F1 Team,7,0.009232484819855431,0.5135541980113287,2022-2025_ground_effect,53,0.0,31.18,31.18,3.4240000000000004,ricard,0.5352097058020547,open_meteo_era5_air_temperature_track_proxy,12,2022-07-24,jolpica_cross_fitted_xw_xp,0.0,6,Finished,1.0,2.3030158438468558,8,prior_same_circuit_grid_movement,finished,0.7733924860907903,True,1949.451892706561,0.0,0.7921959305070031,1.0986678767022688,-0.4322579419215727,0.5814507591535023,0.494400544516021,-0.5403224274019659,0.08721761387302535,5.859272699284349,0.028526121455875596,0.5599876704540425,9.360234261373192,0.0,0.0,0.0,0.494400544516021,-0.5403224274019659,0.08721761387302535,0.009887034610799723,-0.05147330251536169,0.0027674338975722398,0.0721354832029432,-0.09789450534523447,0.010360385575124826,0.5692268523943423,0.05958118866146738,0.015315212955255458,0.07691021844751159,0.018128402035344254,0.005447141699222191,-0.056147863793033936,0.0026339526191333958,0.005447141699222191,cross_fitted,season_grid_average,example_precomputed_capabilities,0.7427266977230038,-6.938893903907228e-18,-3.469446951953614e-18,0.02076235465447765,0.5538282158271759,0.05958118866146738,0.5692268523943423,0.2,0.39999999999999997,0.007763766801397946,0.006159454626866623,-0.028526121455875596,0.17685443480911545,2.498752911623064,-0.17871723479571733,2.3200356768273465,0.0,1951.7719283833883,revised_v3_parallel,prior_similar_races_current_season_only,field_centered_bounded_no_teammate_term,fernandoalonso,fernando-alonso,alpine,bwt-alpine-f1-team,alpine-a522,alpine-a522,exact_chassis,alpine-a522,,finished,7.0,7,True,17.0,1:32.552,True,True,6.0,6.0,0.0,True,0.5096952908587258,0.22714681440443218,0.07387671982991886,0.0,0.0,0.22804231149993168,0.034606004347537245,full_same_season_static_retrospective_baseline_plus_shape_distributions_v9,constructor_lineage_regulation_and_stability_shrunk,-202.2248182678307,1747.2270744387304,1681.9460736302865,0.12399323369687246,1747.3510676724272,1749.6711033492545,4f5d31e40b89bb02,0.18533556264095186,0.1704,0.2172797262617622,0.0,0.0,0.9471698113207547,0.052830188679245285,0.0,0.0,0.0,0.1223267750213858,2.737382378100941,0.0,1.7108639863130881,0.0,0.1710863986313088,8.273625685696993,0.16249060902912385,0.0666571494758712,0.0,0.0,0.22804231149993168,0.034606004347537245,full_same_season_static_retrospective_baseline_plus_shape_distributions_v9,constructor_lineage_regulation_and_stability_shrunk,high,baseline_plus_shape_distributions_v9,0.3753601795020567,0.014537599458548885,full_same_season_static_retrospective,1664.5546172562579,0.029892502107821954,6,6,,5402.112,53.0,0.007937451130224623,1.0,exact_seconds,,1.0,scheduled_distance_unavailable_assume_full,1677.7764519672198,0.03918375645553489,15.0,16.7,1.6783483225233322,1.0,16.0,1.0,0.10049989955229535,1.0,0.8885233166386386,0.035718601628822205,-0.0005376404826996983,14.217022534249182,1,0.036256242111521904,0.036550380827632276,0.736842105263158,0.7733924860907903,all_field_expected_seconds_gap_residual_same_car_crossfit_v7_4,1057,22,16.0,0.7272727272727273,17.454545454545453,4.363636363636363,20.363636363636363,6.545454545454546,384.0,96.0,1663.702688710292,1532.190303845819,0,1.0,293,0.8519285459657813,0.4701519790522471,0.5196830649253977,0.2537094211653925,4.8375740768633735,1669.3921913331212,1669.3921913331212,1487.6322111268798,retrospective_first_five_backcast_previous_season_anchor_frozen_v7_5
norris,2022,French Grand Prix,Lando Norris,McLaren,McLaren,5,0.046844675345936886,0.7283451565093733,2022-2025_ground_effect,53,0.0,31.18,31.18,3.4240000000000004,ricard,0.5352097058020547,open_meteo_era5_air_temperature_track_proxy,12,2022-07-24,jolpica_cross_fitted_xw_xp,0.0,7,Finished,-2.0,2.3030158438468558,8,prior_same_circuit_grid_movement,finished,0.7119463825941904,True,1385.272209732319,0.0,0.3709992911058392,-0.5799826260493828,0.2829070465753849,0.6777888446393066,-0.26099218172222227,0.3536338082192311,0.10166832669589598,5.859272699284349,0.04013635655137986,0.6232646896388918,8.157970896861055,0.02,0.0,0.05880602015151773,-0.26099218172222227,0.3536338082192311,0.10166832669589598,-0.013913696227057994,-0.027588522087310732,0.004359800601575249,-0.040332908530267476,0.05355425014548011,0.012362890107074438,0.6079141506055195,0.06985029072161464,0.040984850428326135,0.05261092147018688,0.028246944579835266,-0.00827697741950497,-0.019903048461365716,0.004460928428985898,-0.00827697741950497,cross_fitted,season_grid_average,example_precomputed_capabilities,0.7427266977230038,0.0,3.469446951953614e-18,0.032707873008821164,0.6334983823278065,0.06985029072161464,0.6079141506055195,0.2,0.39999999999999997,0.007428483542558699,-0.01023369268891472,-0.04013635655137986,0.06094583667689768,0.13375250295104157,-0.17871723479571733,-0.044964731844675754,0.0,1385.2272450004743,revised_v3_parallel,prior_similar_races_current_season_only,field_centered_bounded_no_teammate_term,landonorris,lando-norris,mclaren,mclaren-f1-team,mclaren-mcl36,mclaren-mcl36,exact_chassis,mclaren-mcl36,,finished,5.0,5,True,14.0,1:32.032,True,True,4.0,7.0,-3.0,True,0.5096952908587258,0.1745152354570637,-0.012304255894596782,0.0,0.0,-0.06489788658189279,0.014985082534249206,full_same_season_static_retrospective_baseline_plus_shape_distributions_v9,constructor_lineage_regulation_and_stability_shrunk,68.34690757759647,1453.6191173099155,1703.5516789289761,2.3049767976519666,1455.9240941075675,1455.8791293757229,4f5d31e40b89bb02,0.18533556264095186,0.1704,0.2172797262617622,0.0,0.0,0.9471698113207547,0.052830188679245285,0.0,0.0,0.0,0.1223267750213858,2.737382378100941,0.0,1.7108639863130881,0.0,0.1710863986313088,8.273625685696993,0.16249060902912385,-0.018969760910175038,0.0,0.0,-0.06489788658189279,0.014985082534249206,full_same_season_static_retrospective_baseline_plus_shape_distributions_v9,constructor_lineage_regulation_and_stability_shrunk,high,baseline_plus_shape_distributions_v9,-0.04179758209979786,0.004414343125213586,full_same_season_static_retrospective,1709.9660283153398,0.0635402347639016,7,7,,5402.112,53.0,0.009630677779357407,1.0,exact_seconds,,1.0,scheduled_distance_unavailable_assume_full,1694.0194195191364,0.041709763450684785,15.0,16.7,0.49652674970039123,1.0,16.0,1.0,0.02973214070062223,1.0,0.8885233166386386,0.01056708010643341,-0.016874637455857166,13.438524857191819,1,0.027441717562290576,0.02773585627840095,0.6842105263157895,0.7119463825941904,all_field_expected_seconds_gap_residual_same_car_crossfit_v7_4,1057,22,16.0,0.7272727272727273,17.454545454545453,4.363636363636363,20.363636363636363,6.545454545454546,384.0,96.0,1708.7435098555275,1656.5260774244935,0,1.0,66,1.2225184598124625,0.5144072950006885,0.5740070589606433,0.1379393236335471,2.816859647216617,1712.7828879625565,1712.7828879625565,1596.1964119421173,retrospective_first_five_backcast_previous_season_anchor_frozen_v7_5
ocon,2022,French Grand Prix,Esteban Ocon,Alpine F1 Team,Alpine F1 Team,10,0.03194068850523161,0.6822522002575687,2022-2025_ground_effect,53,0.0,31.18,31.18,3.4240000000000004,ricard,0.5352097058020547,open_meteo_era5_air_temperature_track_proxy,12,2022-07-24,jolpica_cross_fitted_xw_xp,0.0,8,Finished,2.0,2.3030158438468558,8,prior_same_circuit_grid_movement,finished,0.6296197864099476,True,1439.3800313977858,0.0,0.41734320156668686,-0.418991146238013,-0.4322579419215727,0.5814507591535023,-0.18854601580710584,-0.5403224274019659,0.08721761387302535,5.859272699284349,0.017666145740815445,0.45763687626808813,11.304899350906325,0.02,0.0,0.05880602015151773,-0.18854601580710584,-0.5403224274019659,0.08721761387302535,-0.006607720985645317,-0.031749544955280685,0.001767988440431112,-0.025773526318716128,-0.07173793318915259,0.010334385313749472,0.5099431207845596,0.046937567741211356,0.012065198122226865,0.0369445245283719,0.009062436085325315,-0.0017169078815104013,-0.026596234287655438,0.001285854155391149,-0.0017169078815104013,cross_fitted,season_grid_average,example_precomputed_capabilities,0.7427266977230038,0.0,0.0,0.010348290240716464,0.42276604659044037,0.046937567741211356,0.5099431207845596,0.2,0.39999999999999997,0.007317855500098981,0.03487082967764776,-0.017666145740815445,0.17394207110033288,2.7069697820264214,-0.17871723479571733,2.528252547230704,0.0,1441.9082839450166,revised_v3_parallel,prior_similar_races_current_season_only,field_centered_bounded_no_teammate_term,estebanocon,esteban-ocon,alpine,bwt-alpine-f1-team,alpine-a522,alpine-a522,exact_chassis,alpine-a522,,finished,12.0,12,True,12.0,1:33.048,True,True,8.0,8.0,0.0,True,0.5096952908587258,0.12188365650969524,0.07387671982991886,0.0,0.0,0.22804231149993168,0.034606004347537245,full_same_season_static_retrospective_baseline_plus_shape_distributions_v9,constructor_lineage_regulation_and_stability_shrunk,39.96131589446774,1479.3413472922537,1684.1650598855078,-0.1988144179929757,1479.1425328742607,1481.6707854214915,4f5d31e40b89bb02,0.18533556264095186,0.1704,0.2172797262617622,0.0,0.0,0.9471698113207547,0.052830188679245285,0.0,0.0,0.0,0.1223267750213858,2.737382378100941,0.0,1.7108639863130881,0.0,0.1710863986313088,8.273625685696993,0.16249060902912385,0.0666571494758712,0.0,0.0,0.22804231149993168,0.034606004347537245,full_same_season_static_retrospective_baseline_plus_shape_distributions_v9,constructor_lineage_regulation_and_stability_shrunk,high,baseline_plus_shape_distributions_v9,0.3753601795020567,0.014537599458548885,full_same_season_static_retrospective,1665.6161630854533,0.04330206300187581,8,8,,5402.112,53.0,0.010543839150317506,1.0,exact_seconds,,1.0,scheduled_distance_unavailable_assume_full,1676.0633805763573,0.03892643367096776,15.0,16.7,0.07829165306173164,1.0,16.0,1.0,0.004688122937828242,1.0,0.8885233166386386,0.001666202616611531,0.003919502291195327,11.893424869262788,1,-0.0022532996745837953,-0.00195916095847342,0.631578947368421,0.6296197864099476,all_field_expected_seconds_gap_residual_same_car_crossfit_v7_4,1057,22,16.0,0.7272727272727273,17.454545454545453,4.363636363636363,20.363636363636363,6.545454545454546,384.0,96.0,1665.9216749655134,1664.4723494750056,0,1.0,91,-0.30551188006015,0.47118463684634004,0.5340915454609255,0.09552824094902213,2.0765934767230902,1667.6927565621763,1667.6927565621763,1596.5343058469389,retrospective_first_five_backcast_previous_season_anchor_frozen_v7_5
ricciardo,2022,French Grand Prix,Daniel Ricciardo,McLaren,McLaren,9,0.008490517994548976,0.5010965391105816,2022-2025_ground_effect,53,0.0,31.18,31.18,3.4240000000000004,ricard,0.5352097058020547,open_meteo_era5_air_temperature_track_proxy,12,2022-07-24,jolpica_cross_fitted_xw_xp,0.0,9,Finished,0.0,2.3030158438468558,8,prior_same_circuit_grid_movement,finished,0.5677797385619147,True,1400.9063931449812,0.0,0.384287973828303,-0.5334649462431513,0.2829070465753849,0.6777888446393066,-0.2400592258094181,0.3536338082192311,0.10166832669589598,5.859272699284349,0.029507968236109863,0.5606652802181283,9.34735967585556,0.02,0.0,0.05880602015151773,-0.2400592258094181,0.3536338082192311,0.10166832669589598,-0.009657562594815136,-0.020179349548288622,0.0031946128227189315,-0.036552314484524395,0.0752964146192453,0.01269396010340823,0.5298024440752508,0.050821807692417724,0.029819835612027747,0.038864186454536875,0.0208795160194086,-0.005640327239994851,-0.014684678082503979,0.003299992352624296,-0.005640327239994851,cross_fitted,season_grid_average,example_precomputed_capabilities,0.7427266977230038,0.0,0.0,0.024179508372032896,0.5812405043133799,0.050821807692417724,0.5298024440752508,0.2,0.39999999999999997,0.005328459864076967,-0.020575224095251587,-0.029507968236109863,0.018282088202924318,-0.379113650013999,-0.17871723479571733,-0.5578308848097163,0.0,1400.3485622601715,revised_v3_parallel,prior_similar_races_current_season_only,field_centered_bounded_no_teammate_term,danielricciardo,daniel-ricciardo,mclaren,mclaren-f1-team,mclaren-mcl36,mclaren-mcl36,exact_chassis,mclaren-mcl36,,finished,11.0,11,True,12.0,1:32.922,True,True,7.0,9.0,-2.0,True,0.5096952908587258,0.06925207756232687,-0.012304255894596782,0.0,0.0,-0.06489788658189279,0.014985082534249206,full_same_season_static_retrospective_baseline_plus_shape_distributions_v9,constructor_lineage_regulation_and_stability_shrunk,117.61036489538299,1518.516758040364,1683.3682089638905,0.08811904574630161,1518.6048770861103,1518.0470462013009,4f5d31e40b89bb02,0.18533556264095186,0.1704,0.2172797262617622,0.0,0.0,0.9471698113207547,0.052830188679245285,0.0,0.0,0.0,0.1223267750213858,2.737382378100941,0.0,1.7108639863130881,0.0,0.1710863986313088,8.273625685696993,0.16249060902912385,-0.018969760910175038,0.0,0.0,-0.06489788658189279,0.014985082534249206,full_same_season_static_retrospective_baseline_plus_shape_distributions_v9,constructor_lineage_regulation_and_stability_shrunk,high,baseline_plus_shape_distributions_v9,-0.04179758209979786,0.004414343125213586,full_same_season_static_retrospective,1688.4874664220877,0.02617327989836747,9,9,,5402.112,53.0,0.011175629087290305,1.0,exact_seconds,,1.0,scheduled_distance_unavailable_assume_full,1694.9257692998547,0.04185541576830547,15.0,16.7,-0.49714512999304233,1.0,16.0,1.0,-0.02976916946066122,1.0,0.8885233166386386,-0.010580240473105752,0.0008815281021425967,14.163354189429997,1,-0.011461768575248348,-0.011167629859137973,0.5789473684210527,0.5677797385619147,all_field_expected_seconds_gap_residual_same_car_crossfit_v7_4,1057,22,16.0,0.7272727272727273,17.454545454545453,4.363636363636363,20.363636363636363,6.545454545454546,384.0,96.0,1688.5600398904419,1602.681519957469,0,1.0,193,-0.07257346835422547,0.49346789262254775,0.5164321144330147,0.05134762412889993,1.305440892226412,1689.792907314314,1689.792907314314,1546.679144097835,retrospective_first_five_backcast_previous_season_anchor_frozen_v7_5
stroll,2022,French Grand Prix,Lance Stroll,Aston Martin,Aston Martin,15,0.004159191838858245,0.3917663552334143,2022-2025_ground_effect,53,0.0,31.18,31.18,3.4240000000000004,ricard,0.5352097058020547,open_meteo_era5_air_temperature_track_proxy,12,2022-07-24,jolpica_cross_fitted_xw_xp,0.0,10,Finished,5.0,2.3030158438468558,8,prior_same_circuit_grid_movement,finished,0.5802253449797121,True,1426.0626019508566,0.0,0.4058561960051332,-0.45861559623343784,-1.3301925469539746,1.2437837646418093,-0.20637701830504704,-1.6627406836924683,0.1865675646962714,5.859272699284349,0.008423392768183834,0.27493655592174526,14.77620543748684,0.02,0.0,0.05880602015151773,-0.20637701830504704,-1.6627406836924683,0.1865675646962714,-0.004340145342924499,-0.02642138214301394,0.0018647466876957682,-0.02041911289253885,-0.22560945616921463,0.018735659293033183,0.41131230178297745,0.03154081740677797,0.0030514724715541073,0.025979678211577747,0.002225025110363697,-0.00040743586301880685,-0.023335641603042447,0.0004190114981716033,-0.00040743586301880685,cross_fitted,season_grid_average,example_precomputed_capabilities,0.7427266977230038,0.0,0.0,0.0026440366085353005,0.18401939201425715,0.03154081740677797,0.41131230178297745,0.2,0.39999999999999997,0.005779356159648533,0.09091716390748811,-0.008423392768183834,0.25137923355193903,4.322664777498491,-0.17871723479571688,4.143947542702774,0.0,1430.2065494935594,revised_v3_parallel,prior_similar_races_current_season_only,field_centered_bounded_no_teammate_term,lancestroll,lance-stroll,aston-martin,aston-martin-aramco-cognizant-f1-team,aston-martin-amr22,aston-martin-amr22,exact_chassis,aston-martin-amr22,,finished,17.0,17,True,9.0,1:33.439,True,True,13.0,10.0,3.0,True,0.5096952908587258,0.016620498614958512,-0.08579898708455938,0.0,0.0,-0.2687843582775646,0.008368899817145541,full_same_season_static_retrospective_baseline_plus_shape_distributions_v9,constructor_lineage_regulation_and_stability_shrunk,-44.23601506929192,1381.8265868815647,1565.0521120459298,-1.0006442715529742,1380.8259426100117,1384.9698901527145,4f5d31e40b89bb02,0.18533556264095186,0.1704,0.2172797262617622,0.0,0.0,0.9471698113207547,0.052830188679245285,0.0,0.0,0.0,0.1223267750213858,2.737382378100941,0.0,1.7108639863130881,0.0,0.1710863986313088,8.273625685696993,0.16249060902912385,-0.07856611796574037,0.0,0.0,-0.2687843582775646,0.008368899817145541,full_same_season_static_retrospective_baseline_plus_shape_distributions_v9,constructor_lineage_regulation_and_stability_shrunk,high,baseline_plus_shape_distributions_v9,-0.39754776124302793,0.0015974841048577557,full_same_season_static_retrospective,1585.5827825629826,0.028573526072036046,10,10,,5402.112,53.0,0.011578619621362904,1.0,exact_seconds,,1.0,scheduled_distance_unavailable_assume_full,1539.1171499522184,0.022987653720320446,15.0,16.7,2.334482821978173,1.0,16.0,1.0,0.13978939053761516,1.0,0.8885233166386386,0.0496824531645503,-0.003932963625367116,13.60328560486783,2,0.053615416789917415,0.05390955550602779,0.5263157894736843,0.5802253449797121,all_field_expected_seconds_gap_residual_same_car_crossfit_v7_4,1057,22,16.0,0.7272727272727273,17.454545454545453,4.363636363636363,20.363636363636363,6.545454545454546,384.0,96.0,1586.554860708135,1663.983724660996,0,1.0,101,-0.9720781451524367,0.3944142897243831,0.4084131084911397,0.1718122364885724,3.4080959443225134,1588.990878507305,1588.990878507305,1588.776490319409,retrospective_first_five_backcast_previous_season_anchor_frozen_v7_5
vettel,2022,French Grand Prix,Sebastian Vettel,Aston Martin,Aston Martin,12,0.004855583299580006,0.41576129611661594,2022-2025_ground_effect,53,0.0,31.18,31.18,3.4240000000000004,ricard,0.5352097058020547,open_meteo_era5_air_temperature_track_proxy,12,2022-07-24,jolpica_cross_fitted_xw_xp,0.0,11,Finished,1.0,2.3030158438468558,8,prior_same_circuit_grid_movement,finished,0.448563057841685,True,2057.3608428824937,0.0,0.8414821095496151,1.419738306798743,-1.3301925469539746,1.2437837646418093,0.6388822380594343,-1.6627406836924683,0.1865675646962714,5.859272699284349,0.012328939055413412,0.3686649198629932,12.99536652260313,0.0,0.0,0.0,0.6388822380594343,-1.6627406836924683,0.1865675646962714,0.008562576947943063,-0.0461575985147964,0.002959945577990571,0.08989314904258788,-0.2800493225446426,0.020935113399128007,0.4701975559247492,0.04003699984650363,0.003873450751119968,0.061087527502621614,0.004510155786285535,0.0015284731065208891,-0.055685603644980756,0.0008917680713553221,0.0015284731065208891,cross_fitted,season_grid_average,example_precomputed_capabilities,0.7427266977230038,-6.938893903907228e-18,0.0,0.005401923857640857,0.3009764958218225,0.04003699984650363,0.4701975559247492,0.2,0.39999999999999997,0.006927015197772555,0.0676884240411707,-0.012328939055413412,0.1050192906633226,1.5944526946098851,-0.17871723479571733,1.4157354598141678,0.0,2058.776578342308,revised_v3_parallel,prior_similar_races_current_season_only,field_centered_bounded_no_teammate_term,sebastianvettel,sebastian-vettel,aston-martin,aston-martin-aramco-cognizant-f1-team,aston-martin-amr22,aston-martin-amr22,exact_chassis,aston-martin-amr22,,finished,14.0,14,True,15.0,1:33.276,True,True,10.0,11.0,-1.0,True,0.5096952908587258,-0.03601108033240996,-0.08579898708455938,0.0,0.0,-0.2687843582775646,0.008368899817145541,full_same_season_static_retrospective_baseline_plus_shape_distributions_v9,constructor_lineage_regulation_and_stability_shrunk,-77.13913477691071,1980.221708105583,1639.6244733041633,-2.7238435210556178,1977.4978645845274,1978.9136000443416,4f5d31e40b89bb02,0.18533556264095186,0.1704,0.2172797262617622,0.0,0.0,0.9471698113207547,0.052830188679245285,0.0,0.0,0.0,0.1223267750213858,2.737382378100941,0.0,1.7108639863130881,0.0,0.1710863986313088,8.273625685696993,0.16249060902912385,-0.07856611796574037,0.0,0.0,-0.2687843582775646,0.008368899817145541,full_same_season_static_retrospective_baseline_plus_shape_distributions_v9,constructor_lineage_regulation_and_stability_shrunk,high,baseline_plus_shape_distributions_v9,-0.39754776124302793,0.0015974841048577557,full_same_season_static_retrospective,1660.5448919751325,0.014671709056775922,11,11,,5402.112,53.0,0.011938663989195337,1.0,exact_seconds,,1.0,scheduled_distance_unavailable_assume_full,1654.8077154286202,0.0358707066051097,15.0,16.7,-0.39661343981643515,1.0,16.0,1.0,-0.02374930777343923,1.0,0.8885233166386386,-0.008440725484291211,0.016974565916449982,14.712572220394149,2,-0.025415291400741193,-0.025121152684630818,0.4736842105263158,0.448563057841685,all_field_expected_seconds_gap_residual_same_car_crossfit_v7_4,1057,22,16.0,0.7272727272727273,17.454545454545453,4.363636363636363,20.363636363636363,6.545454545454546,384.0,96.0,1661.1272219663686,1558.676015835862,0,1.0,264,-0.5823299912359874,0.46625325886081603,0.46339479138043915,-0.014831733538754166,0.15031028566372245,1660.6952022607961,1660.6952022607961,1481.0763138175491,retrospective_first_five_backcast_previous_season_anchor_frozen_v7_5
gasly,2022,French Grand Prix,Pierre Gasly,AlphaTauri,AlphaTauri,14,0.0029263054672977983,0.3375591084347568,2022-2025_ground_effect,53,0.0,31.18,31.18,3.4240000000000004,ricard,0.5352097058020547,open_meteo_era5_air_temperature_track_proxy,12,2022-07-24,jolpica_cross_fitted_xw_xp,0.0,12,Finished,2.0,2.3030158438468558,8,prior_same_circuit_grid_movement,finished,0.43045262800484896,True,1462.056995025306,0.0,0.43696983538232076,-0.3515184995919347,-0.4010113372109336,-1.2036297879128914,-0.15818332481637062,-0.501264171513667,-0.1805444681869337,5.859272699284349,0.01231806852284295,0.3791849589329617,12.795485780273728,0.0,0.0,0.0,-0.15818332481637062,-0.501264171513667,-0.1805444681869337,-0.004184855031468289,-0.02139765010893951,-0.00170856548523695,-0.018163053246269434,-0.04464531603179455,-0.02317194517642945,0.43077314760565777,0.03415092502335875,0.007825104612125723,0.02346424952018457,0.0069666952068528016,-0.0009652502144117253,-0.01660439512247057,-0.00010684080913880411,-0.0009652502144117253,cross_fitted,season_grid_average,example_precomputed_capabilities,0.7427266977230038,0.0,-1.3877787807814457e-17,0.0068598543977139975,0.3447928331511643,0.03415092502335875,0.43077314760565777,0.2,0.39999999999999997,0.005458214125128952,0.0343921257817974,-0.01231806852284295,0.04186767264598562,0.4579844630795104,-0.17871723479571733,0.2792672282837931,0.0,1462.3362622535897,revised_v3_parallel,prior_similar_races_current_season_only,field_centered_bounded_no_teammate_term,pierregasly,pierre-gasly,alphatauri,scuderia-alphatauri,alphatauri-at03,alphatauri-at03,exact_chassis,alphatauri-at03,,finished,16.0,16,True,7.0,1:33.439,True,True,12.0,12.0,0.0,True,0.5096952908587258,-0.08864265927977844,-0.17296108488261197,0.0,0.0,-0.5605908403470222,0.0036356562326089778,full_same_season_static_retrospective_baseline_plus_shape_distributions_v9,constructor_lineage_regulation_and_stability_shrunk,43.440376157268325,1505.4973711825742,1645.3890919791395,-1.1177641187546534,1504.3796070638195,1504.6588742921033,4f5d31e40b89bb02,0.18533556264095186,0.1704,0.2172797262617622,0.0,0.0,0.9471698113207547,0.052830188679245285,0.0,0.0,0.0,0.1223267750213858,2.737382378100941,0.0,1.7108639863130881,0.0,0.1710863986313088,8.273625685696993,0.16249060902912385,-0.16386164126312544,0.0,0.0,-0.5605908403470222,0.0036356562326089778,full_same_season_static_retrospective_baseline_plus_shape_distributions_v9,constructor_lineage_regulation_and_stability_shrunk,high,baseline_plus_shape_distributions_v9,-0.8194546299954344,0.0004785386781740514,full_same_season_static_retrospective,1689.1711646397846,0.05331331833519922,12,12,,5402.112,53.0,0.012115261586579473,1.0,exact_seconds,,1.0,scheduled_distance_unavailable_assume_full,1632.184369085483,0.03288143194422621,15.0,14.7,0.3208011914179241,0.0,16.0,1.0,0.021823210300539058,1.0,0.8885233166386386,0.007756172478374987,-0.0013496852314162603,11.044525237183102,1,0.009105857709791247,0.009399996425901622,0.42105263157894735,0.43045262800484896,all_field_expected_seconds_gap_residual_same_car_crossfit_v7_4,1057,22,16.0,0.7272727272727273,17.454545454545453,4.363636363636363,20.363636363636363,6.545454545454546,384.0,96.0,1690.2363592069012,1663.983724660996,0,1.0,85,-1.0651945671165874,0.49413459510679464,0.5069749912042627,-0.07652236319941375,-0.9264716138677902,1688.2446930259168,1688.2446930259168,1608.3093413212569,retrospective_first_five_backcast_previous_season_anchor_frozen_v7_5
albon,2022,French Grand Prix,Alexander Albon,Williams,Williams,13,0.0018626895627271434,0.27019436738623775,2022-2025_ground_effect,53,0.0,31.18,31.18,3.4240000000000004,ricard,0.5352097058020547,open_meteo_era5_air_temperature_track_proxy,12,2022-07-24,jolpica_cross_fitted_xw_xp,0.0,13,Finished,0.0,2.3030158438468558,8,prior_same_circuit_grid_movement,finished,0.3796912311835122,True,1440.317342366025,0.0,0.4181530253514251,-0.4162022873415447,-0.9275402559445163,0.7284459165301352,-0.18729102930369512,-1.1594253199306452,0.10926688747952028,5.859272699284349,0.01118939608727273,0.3468983584906522,13.408931188677608,0.0,0.0,0.0,-0.18729102930369512,-1.1594253199306452,0.10926688747952028,-0.004919749942149895,-0.028726590682357365,0.001411801068174355,-0.0212788217429569,-0.1631837096351209,0.011928594461255982,0.45041872064074534,0.03697702773233905,0.0054621130710535174,0.029511374616447334,0.004122548800880936,-0.0007196248950473699,-0.024768886440441187,0.0006199393751252112,-0.0007196248950473699,cross_fitted,season_grid_average,example_precomputed_capabilities,0.7427266977230038,0.0,0.0,0.004742488176006148,0.2778847837239235,0.03697702773233905,0.45041872064074534,0.2,0.39999999999999997,0.006446907911266582,0.0690135747667287,-0.01118939608727273,0.02152269414092678,0.1188629884421365,-0.17871723479571733,-0.05985424635358083,0.0,1440.2574881196715,revised_v3_parallel,prior_similar_races_current_season_only,field_centered_bounded_no_teammate_term,alexanderalbon,alexander-albon,williams,williams-racing,williams-fw44,williams-fw44,exact_chassis,williams-fw44,,finished,15.0,15,True,11.0,1:33.307,True,True,11.0,13.0,-2.0,True,0.5096952908587258,-0.1412742382271468,-0.2823660300893456,0.0,0.0,-0.9806019305141974,0.001095003916710373,full_same_season_static_retrospective_baseline_plus_shape_distributions_v9,constructor_lineage_regulation_and_stability_shrunk,13.169667063711168,1453.4870094297362,1576.6884594300504,-0.34826380072864627,1453.1387456290076,1453.078891382654,4f5d31e40b89bb02,0.18533556264095186,0.1704,0.2172797262617622,0.0,0.0,0.9471698113207547,0.052830188679245285,0.0,0.0,0.0,0.1223267750213858,2.737382378100941,0.0,1.7108639863130881,0.0,0.1710863986313088,8.273625685696993,0.16249060902912385,-0.28663158616786916,0.0,0.0,-0.9806019305141974,0.001095003916710373,full_same_season_static_retrospective_baseline_plus_shape_distributions_v9,constructor_lineage_regulation_and_stability_shrunk,high,baseline_plus_shape_distributions_v9,-1.3490276786518296,0.00010539036164705,full_same_season_static_retrospective,1654.5780018635444,0.00703303909994543,13,13,,5402.112,53.0,0.012692258139038954,1.0,exact_seconds,,1.0,scheduled_distance_unavailable_assume_full,1562.9961492172902,0.02519888082690109,15.0,14.7,1.2594498050509038,0.0,16.0,1.0,0.08567685748645604,1.0,0.8885233166386386,0.03045035422921676,0.019474314393393876,11.842199853727017,2,0.010976039835822883,0.011270178551933258,0.368421052631579,0.3796912311835122,all_field_expected_seconds_gap_residual_same_car_crossfit_v7_4,1057,22,16.0,0.7272727272727273,17.454545454545453,4.363636363636363,20.363636363636363,6.545454545454546,384.0,96.0,1655.1366138711862,1656.5260774244935,0,1.0,46,-0.5586120076419197,0.46045778625199957,0.3977472111868178,-0.01805598000330555,0.09403252919155286,1654.672034392736,1654.672034392736,1643.4363621835641,retrospective_first_five_backcast_previous_season_anchor_frozen_v7_5
bottas,2022,French Grand Prix,Valtteri Bottas,Alfa Romeo,Alfa Romeo,11,0.009857018404182344,0.5232055546185856,2022-2025_ground_effect,53,0.0,31.18,31.18,3.4240000000000004,ricard,0.5352097058020547,open_meteo_era5_air_temperature_track_proxy,12,2022-07-24,jolpica_cross_fitted_xw_xp,0.0,14,Finished,-3.0,2.3030158438468558,8,prior_same_circuit_grid_movement,finished,0.2758736971886873,True,1690.9680503473487,0.0,0.6274384633589796,0.329579508184609,-0.533261418395805,-1.0910381019294293,0.14831077868307407,-0.6665767729947563,-0.1636557152894144,5.859272699284349,0.01607926376466775,0.4369570215815356,11.697816589950824,0.06,0.0,0.12582799404508693,0.14831077868307407,-0.6665767729947563,-0.1636557152894144,-0.0003986402436152791,-0.031575199486266095,-0.0021148241111722224,0.02567954072147798,-0.09262529175749434,-0.02155401168715807,0.4900568792154403,0.043350194837510625,0.008647768150469767,0.03741706503129163,0.009323809376826163,0.0006137628459872615,-0.0281555340348346,-6.227838036913444e-05,0.0006137628459872615,cross_fitted,season_grid_average,example_precomputed_capabilities,0.7427266977230038,6.938893903907228e-18,-1.3877787807814457e-17,0.009261530996457028,0.40155711649226583,0.043350194837510625,0.4900568792154403,0.2,0.39999999999999997,0.006817732768210721,0.03539990508926977,-0.01607926376466775,-0.12116754789732509,-2.5669181925038775,-0.17871723479571733,-2.745635427299595,0.0,1688.222414920049,revised_v3_parallel,prior_similar_races_current_season_only,field_centered_bounded_no_teammate_term,valtteribottas,valtteri-bottas,alfa-romeo,alfa-romeo-f1-team-orlen,alfa-romeo-c42,alfa-romeo-c42,exact_chassis,alfa-romeo-c42,,finished,13.0,13,True,13.0,1:33.052,True,True,9.0,14.0,-5.0,True,0.5096952908587258,-0.19390581717451527,-0.13887715268579073,0.0,0.0,-0.45091447967993836,0.00497363348667934,full_same_season_static_retrospective_baseline_plus_shape_distributions_v9,constructor_lineage_regulation_and_stability_shrunk,173.7765361107718,1864.7445864581205,1804.93196931441,-1.9145973695525198,1862.829989088568,1860.0843536612683,4f5d31e40b89bb02,0.18533556264095186,0.1704,0.2172797262617622,0.0,0.0,0.9471698113207547,0.052830188679245285,0.0,0.0,0.0,0.1223267750213858,2.737382378100941,0.0,1.7108639863130881,0.0,0.1710863986313088,8.273625685696993,0.16249060902912385,-0.13180305740265813,0.0,0.0,-0.45091447967993836,0.00497363348667934,full_same_season_static_retrospective_baseline_plus_shape_distributions_v9,constructor_lineage_regulation_and_stability_shrunk,high,baseline_plus_shape_distributions_v9,-0.6544718511131727,0.0007667159608867464,full_same_season_static_retrospective,1839.9803175064974,0.04838510264062003,14,14,,5402.112,53.0,0.01419185681451995,1.0,exact_seconds,,1.0,scheduled_distance_unavailable_assume_full,1796.5349249203664,0.0618693957034283,15.0,16.1,-2.454771525838994,1.0,16.0,1.0,-0.15247028110801206,1.0,0.8885233166386386,-0.05418935994356657,-0.013979444731933001,12.157714169771804,1,-0.04020991521163357,-0.03991577649552319,0.3157894736842105,0.2758736971886873,all_field_expected_seconds_gap_residual_same_car_crossfit_v7_4,1057,22,16.0,0.7272727272727273,17.454545454545453,4.363636363636363,20.363636363636363,6.545454545454546,384.0,96.0,1841.005127688805,1615.7855300468177,0,1.0,174,-1.0248101823076472,0.6378241950754931,0.6507000003391002,-0.37482630315041293,-6.133231293012503,1833.8470862134848,1833.8470862134848,1586.0486905239447,retrospective_first_five_backcast_previous_season_anchor_frozen_v7_5
mick_schumacher,2022,French Grand Prix,Mick Schumacher,Haas F1 Team,Haas F1 Team,17,0.0010477749514225174,0.19182457917067344,2022-2025_ground_effect,53,0.0,31.18,31.18,3.4240000000000004,ricard,0.5352097058020547,open_meteo_era5_air_temperature_track_proxy,12,2022-07-24,jolpica_cross_fitted_xw_xp,0.0,15,Finished,2.0,2.3030158438468558,8,prior_same_circuit_grid_movement,finished,0.27192792293902096,True,1439.6091876648104,0.0,0.4175411750444733,-0.418309318631564,-0.25615106841980645,0.2170539039937176,-0.1882391933842038,-0.3201888355247581,0.03255808559905764,5.859272699284349,0.010983670787088805,0.3584566251386647,13.18932412236537,0.0,0.0,0.0,-0.1882391933842038,-0.3201888355247581,0.03255808559905764,-0.0038459935044549607,-0.01662767734805223,0.0005734889188805759,-0.02180556262296464,-0.005905992621187868,0.003237261145190277,0.37314120159804204,0.026903816333990097,0.008193627143276882,0.020510518801765954,0.006317522222210714,-0.001189992742913401,-0.013506884401402474,0.0006861121781527669,-0.001189992742913401,cross_fitted,season_grid_average,example_precomputed_capabilities,0.7427266977230038,-3.469446951953614e-18,-3.469446951953614e-18,0.007003634400363481,0.3486669074990798,0.026903816333990097,0.37314120159804204,0.2,0.39999999999999997,0.003980036386725324,0.009789717639584916,-0.010983670787088805,-0.09529873040182257,-1.9789852461229376,-0.1787172347957171,-2.1577024809186547,0.0,1437.4514851838917,revised_v3_parallel,prior_similar_races_current_season_only,field_centered_bounded_no_teammate_term,mickschumacher,mick-schumacher,haas,haas-f1-team,haas-vf-22,haas-vf-22,exact_chassis,haas-vf-22,,finished,19.0,19,True,9.0,1:33.701,True,True,14.0,15.0,-1.0,True,0.5096952908587258,-0.24653739612188363,-0.231056477323504,0.0,0.0,-0.77386073727905,0.001976736126676761,full_same_season_static_retrospective_baseline_plus_shape_distributions_v9,constructor_lineage_regulation_and_stability_shrunk,-22.673662678931027,1416.9355249858793,1533.5822113829454,-1.5342836556475468,1415.4012413302316,1413.243538849313,4f5d31e40b89bb02,0.18533556264095186,0.1704,0.2172797262617622,0.0,0.0,0.9471698113207547,0.052830188679245285,0.0,0.0,0.0,0.1223267750213858,2.737382378100941,0.0,1.7108639863130881,0.0,0.1710863986313088,8.273625685696993,0.16249060902912385,-0.2262007892264896,0.0,0.0,-0.77386073727905,0.001976736126676761,full_same_season_static_retrospective_baseline_plus_shape_distributions_v9,constructor_lineage_regulation_and_stability_shrunk,high,baseline_plus_shape_distributions_v9,-1.1006645335302094,0.00021427927177086598,full_same_season_static_retrospective,1594.1816328577236,-0.03956079354726143,15,15,,5402.112,53.0,0.014881957278930907,1.0,exact_seconds,,1.0,scheduled_distance_unavailable_assume_full,1515.2574496860352,0.020972020644373784,15.0,14.7,0.9962553184203775,0.0,16.0,1.0,0.067772470640842,1.0,0.8885233166386386,0.02408696815623828,0.015611078670169821,11.3004841651084,1,0.008475889486068458,0.008770028202178834,0.26315789473684215,0.27192792293902096,all_field_expected_seconds_gap_residual_same_car_crossfit_v7_4,1057,22,16.0,0.7272727272727273,17.454545454545453,4.363636363636363,20.363636363636363,6.545454545454546,384.0,96.0,1595.4910703652695,1701.877122563602,0,1.0,30,-1.3094375075458426,0.40251267755445463,0.3120629389111144,-0.04013501597209346,-0.29134700771819966,1593.8902858500053,1593.8902858500053,1640.7948343508788,retrospective_first_five_backcast_previous_season_anchor_frozen_v7_5
zhou,2022,French Grand Prix,Guanyu Zhou,Alfa Romeo,Alfa Romeo,16,0.0006449635710297154,0.13505896653446506,2022-2025_ground_effect,53,0.0,31.18,31.18,3.4240000000000004,ricard,0.5352097058020547,open_meteo_era5_air_temperature_track_proxy,12,2022-07-24,jolpica_cross_fitted_xw_xp,0.0,16,+6 Laps,0.0,2.3030158438468558,8,prior_same_circuit_grid_movement,finished,0.06130039482486638,True,1484.5475766803645,0.0,0.45646625412182845,-0.2846004106536543,-0.533261418395805,-1.0910381019294293,-0.12807018479414445,-0.6665767729947563,-0.1636557152894144,5.859272699284349,0.009991721839387093,0.33347303946353674,13.664012250192801,0.0,0.0,0.0,-0.12807018479414445,-0.6665767729947563,-0.1636557152894144,-0.003231695372024174,-0.01938018574974114,-0.0013112124272927365,-0.01207913824885202,-0.06526581074959861,-0.02034306755312241,0.39208584939448055,0.029130196678633532,0.005811073929393974,0.020652952390426506,0.005230275852481058,-0.0006039707998184924,-0.015445849260851024,-2.317272290557667e-05,-0.0006039707998184924,cross_fitted,season_grid_average,example_precomputed_capabilities,0.7427266977230038,0.0,-1.3877787807814457e-17,0.005207103129575482,0.2943978328429075,0.029130196678633532,0.39208584939448055,0.2,0.39999999999999997,0.004784618709811611,0.039075206620629244,-0.009991721839387093,-0.12294672367406306,-2.4528423502784253,-0.17871723479571733,-2.6315595850741427,0.0,1481.9160170952903,revised_v3_parallel,prior_similar_races_current_season_only,field_centered_bounded_no_teammate_term,guanyuzhou,guanyu-zhou,alfa-romeo,alfa-romeo-f1-team-orlen,alfa-romeo-c42,alfa-romeo-c42,exact_chassis,alfa-romeo-c42,Power unit,mechanical,18.0,18,True,8.0,1:33.674,True,False,,,,True,0.5096952908587258,-0.2991689750692521,-0.13887715268579073,0.0,0.0,-0.45091447967993836,0.00497363348667934,full_same_season_static_retrospective_baseline_plus_shape_distributions_v9,constructor_lineage_regulation_and_stability_shrunk,-8.172666252703374,1476.3749104276612,1649.138854775244,-1.6711972591020774,1474.7037131685593,1472.072153583485,4f5d31e40b89bb02,0.18533556264095186,0.1704,0.2172797262617622,0.0,0.0,0.9471698113207547,0.052830188679245285,0.0,0.0,0.0,0.1223267750213858,2.737382378100941,0.0,1.7108639863130881,0.0,0.1710863986313088,8.273625685696993,0.16249060902912385,-0.13180305740265813,0.0,0.0,-0.45091447967993836,0.00497363348667934,full_same_season_static_retrospective_baseline_plus_shape_distributions_v9,constructor_lineage_regulation_and_stability_shrunk,high,baseline_plus_shape_distributions_v9,-0.6544718511131727,0.0007667159608867464,full_same_season_static_retrospective,1683.6721607783138,-0.07435160282356602,16,16,6.0,5402.112,53.0,0.11320754716981132,0.7,lap_equivalent,,1.0,scheduled_distance_unavailable_assume_full,1601.740363349092,0.029248134389830517,15.0,11.899999999999999,-5.949966703355007,1.0,16.0,1.0,-0.49999720196260566,1.0,0.8885233166386386,-0.17770366887914144,-0.028183609198423783,11.156071624796086,1,-0.14952005968071766,-0.1492259209646073,0.21052631578947367,0.06130039482486638,all_field_expected_seconds_gap_residual_same_car_crossfit_v7_4,1057,22,16.0,0.7272727272727273,17.454545454545453,4.363636363636363,20.363636363636363,6.545454545454546,384.0,96.0,1685.212013149639,1710.760275985856,0,1.0,8,-1.5398523713252819,0.48877273036397273,0.38237588359536057,-0.3210754887704942,-5.195035260199376,1678.4771255181145,1678.4771255181145,1707.1753691868482,retrospective_first_five_backcast_previous_season_anchor_frozen_v7_5
latifi,2022,French Grand Prix,Nicholas Latifi,Williams,Williams,18,0.0005309296634834735,0.11511293816950204,2022-2025_ground_effect,53,0.0,31.18,31.18,3.4240000000000004,ricard,0.5352097058020547,open_meteo_era5_air_temperature_track_proxy,12,2022-07-24,jolpica_cross_fitted_xw_xp,0.0,17,Collision damage,1.0,2.3030158438468558,8,prior_same_circuit_grid_movement,driver_fault,0.0,True,1427.9181037051035,0.0,0.40745430069223476,-0.4530947683010974,-0.9275402559445163,0.7284459165301352,-0.20389264573549384,-1.1594253199306452,0.10926688747952028,5.859272699284349,0.007493313400113015,0.26808808966641673,14.906326296338083,0.02,0.0,0.05880602015151773,-0.20389264573549384,-1.1594253199306452,0.10926688747952028,-0.003435983122685686,-0.019202098443185753,0.000945229394711039,-0.019692389506152014,-0.135194803798614,0.010828844034817733,0.35452309922838565,0.024847595137041337,0.0036703970682744206,0.01959346378053731,0.0027426028305515514,-0.000515654102393486,-0.016438720814656374,0.0004121401353293832,-0.000515654102393486,cross_fitted,season_grid_average,example_precomputed_capabilities,0.7427266977230038,-3.469446951953614e-18,0.0,0.0031547429658809346,0.21046474995843736,0.024847595137041337,0.35452309922838565,0.2,0.39999999999999997,0.004338570434232081,0.057623339707979365,-0.007493313400113015,-0.26808808966641673,-5.005425135598213,-0.17871723479571688,-5.18414237039393,0.0,1422.7339613347096,revised_v3_parallel,prior_similar_races_current_season_only,field_centered_bounded_no_teammate_term,nicholaslatifi,nicholas-latifi,williams,williams-racing,williams-fw44,williams-fw44,exact_chassis,williams-fw44,Collision damage,driver_fault,20.0,20,True,6.0,1:33.794,True,False,,,,True,0.5096952908587258,-0.5096952908587258,-0.2823660300893456,0.0,0.0,-0.9806019305141974,0.001095003916710373,full_same_season_static_retrospective_baseline_plus_shape_distributions_v9,constructor_lineage_regulation_and_stability_shrunk,-56.57783223917768,1371.3402714659258,1447.7316179577952,-1.5596959457346102,1369.7805755201912,1364.5964331497973,4f5d31e40b89bb02,0.18533556264095186,0.1704,0.2172797262617622,0.0,0.0,0.9471698113207547,0.052830188679245285,0.0,0.0,0.0,0.1223267750213858,2.737382378100941,0.0,1.7108639863130881,0.0,0.1710863986313088,8.273625685696993,0.16249060902912385,-0.28663158616786916,0.0,0.0,-0.9806019305141974,0.001095003916710373,full_same_season_static_retrospective_baseline_plus_shape_distributions_v9,constructor_lineage_regulation_and_stability_shrunk,high,baseline_plus_shape_distributions_v9,-1.3490276786518296,0.00010539036164705,full_same_season_static_retrospective,1524.9539675159506,-0.031240159140525924,17,DNF,,5402.112,53.0,,0.0,unavailable,,1.0,scheduled_distance_unavailable_assume_full,1419.217427187224,0.014495010650866148,0.0,0.0,0.0,0.0,,0.0,,0.0,0.0,0.0,0.003328204520289263,12.13654232444551,2,-0.003328204520289263,0.0,0.0,0.0,all_field_expected_seconds_gap_residual_same_car_crossfit_v7_4,1057,22,16.0,0.7272727272727273,17.454545454545453,4.363636363636363,20.363636363636363,6.545454545454546,384.0,96.0,1526.179772398931,1685.005878682069,0,1.0,46,-1.2258048829804544,0.33890156467438254,0.2487788007736535,-0.2487788007736535,-3.933129433345429,1521.0208380826052,1521.0208380826052,1613.7730986736585,retrospective_first_five_backcast_previous_season_anchor_frozen_v7_5
kevin_magnussen,2022,French Grand Prix,Kevin Magnussen,Haas F1 Team,Haas F1 Team,20,0.0010516381121517472,0.1922908608116115,2022-2025_ground_effect,53,0.0,31.18,31.18,3.4240000000000004,ricard,0.5352097058020547,open_meteo_era5_air_temperature_track_proxy,12,2022-07-24,jolpica_cross_fitted_xw_xp,0.0,18,Collision damage,2.0,2.3030158438468558,8,prior_same_circuit_grid_movement,driver_fault,0.0,True,1329.1807606018922,0.0,0.32437668102374556,-0.7468761568239719,-0.25615106841980645,0.2170539039937176,-0.3360942705707874,-0.3201888355247581,0.03255808559905764,5.859272699284349,0.008224975500500872,0.2993128843264442,14.31305519779756,0.0,0.0,0.0,-0.3360942705707874,-0.3201888355247581,0.03255808559905764,-0.004105455888163816,-0.012540294382176045,0.00043371460097110125,-0.039589193590244265,0.00481185776397768,0.0029154901932439596,0.3184299917062578,0.021194604035995882,0.006454871709071994,0.014522802382455293,0.00449553216676453,-0.0014723033424448731,-0.009540234015828172,0.0004870361998625906,-0.0014723033424448731,cross_fitted,season_grid_average,example_precomputed_capabilities,0.7427266977230038,-3.469446951953614e-18,-6.938893903907228e-18,0.004982568366627121,0.28656814607323516,0.021194604035995882,0.3184299917062578,0.2,0.39999999999999997,0.0032424071338737516,0.012744738253209043,-0.008224975500500872,-0.2993128843264442,-5.585031329888016,-0.17871723479571777,-5.763748564683734,0.0,1323.4170120372085,revised_v3_parallel,prior_similar_races_current_season_only,field_centered_bounded_no_teammate_term,kevinmagnussen,kevin-magnussen,haas,haas-f1-team,haas-vf-22,haas-vf-22,exact_chassis,haas-vf-22,Collision damage,driver_fault,10.0,10,True,9.0,1:32.649,True,False,,,,True,0.5096952908587258,-0.5096952908587258,-0.231056477323504,0.0,0.0,-0.77386073727905,0.001976736126676761,full_same_season_static_retrospective_baseline_plus_shape_distributions_v9,constructor_lineage_regulation_and_stability_shrunk,21.527565114826228,1350.7083257167185,1508.869491175859,1.6014538687662276,1352.3097795854846,1346.546031020801,4f5d31e40b89bb02,0.18533556264095186,0.1704,0.2172797262617622,0.0,0.0,0.9471698113207547,0.052830188679245285,0.0,0.0,0.0,0.1223267750213858,2.737382378100941,0.0,1.7108639863130881,0.0,0.1710863986313088,8.273625685696993,0.16249060902912385,-0.2262007892264896,0.0,0.0,-0.77386073727905,0.001976736126676761,full_same_season_static_retrospective_baseline_plus_shape_distributions_v9,constructor_lineage_regulation_and_stability_shrunk,high,baseline_plus_shape_distributions_v9,-1.1006645335302094,0.00021427927177086598,full_same_season_static_retrospective,1571.6292501590071,0.0013501587705064318,18,DNF,,5402.112,53.0,,0.0,unavailable,,1.0,scheduled_distance_unavailable_assume_full,1485.4931728359525,0.018703510082688803,0.0,0.0,0.0,0.0,,0.0,,0.0,0.0,0.0,0.015798142798657724,13.486135244819065,1,-0.015798142798657724,0.0,0.0,0.0,all_field_expected_seconds_gap_residual_same_car_crossfit_v7_4,1057,22,16.0,0.7272727272727273,17.454545454545453,4.363636363636363,20.363636363636363,6.545454545454546,384.0,96.0,1570.778350158183,1617.107438313723,0,1.0,110,0.850900000824028,0.38137874590760784,0.3334601261772814,-0.3334601261772814,-5.411203476754206,1566.2180466822529,1566.2180466822529,1612.2243689365162,retrospective_first_five_backcast_previous_season_anchor_frozen_v7_5
leclerc,2022,French Grand Prix,Charles Leclerc,Ferrari,Ferrari,1,0.1359169083307292,0.8432608193527152,2022-2025_ground_effect,53,0.0,31.18,31.18,3.4240000000000004,ricard,0.5352097058020547,open_meteo_era5_air_temperature_track_proxy,12,2022-07-24,jolpica_cross_fitted_xw_xp,0.0,19,Accident,-18.0,2.3030158438468558,8,prior_same_circuit_grid_movement,driver_fault,0.0,True,1530.7782091955694,0.0,0.49639123566617904,-0.14704658364404427,1.9335796780127255,-1.1056798690095846,-0.06617096263981992,2.4169745975159067,-0.1658519803514377,5.859272699284349,0.24039563663822233,0.8148107058238128,4.518596589347558,0.34,0.2086946276803573,0.47130537231964276,-0.06617096263981992,2.4169745975159067,-0.1658519803514377,-0.020573275606273936,0.21093824391062296,-0.009874593339666244,-0.01125136789356342,0.24735779324339946,-0.014038596133052045,0.6815700082937423,0.09600333666647609,0.3025939505737165,0.07103846963303478,0.28833893578217035,-0.02610023894255764,0.2054552419981241,-0.011845224151011469,-0.02610023894255764,cross_fitted,season_grid_average,example_precomputed_capabilities,0.7427266977230038,0.0,2.7755575615628914e-17,0.2764937116311589,0.9036378375105263,0.09600333666647609,0.6815700082937423,0.2,0.39999999999999997,-0.036098074992936546,-0.08882713168671352,-0.24039563663822233,-0.8148107058238128,-20.436087984145967,-0.178717234795716,-20.614805218941683,0.0,1510.1634039766277,revised_v3_parallel,prior_similar_races_current_season_only,field_centered_bounded_no_teammate_term,charlesleclerc,charles-leclerc,ferrari,scuderia-ferrari,ferrari-f1-75,ferrari-f1-75,exact_chassis,ferrari-f1-75,Accident,driver_fault,1.0,1,True,17.0,1:30.872,True,False,,,,True,0.5096952908587258,-0.5096952908587258,0.21527393287934152,0.0,0.0,0.7065479486288316,0.13580040076877956,full_same_season_static_retrospective_baseline_plus_shape_distributions_v9,constructor_lineage_regulation_and_stability_shrunk,84.7672418863818,1615.5454510819511,1828.0972597555822,2.354675632926872,1617.900126714878,1597.2853214959364,4f5d31e40b89bb02,0.18533556264095186,0.1704,0.2172797262617622,0.0,0.0,0.9471698113207547,0.052830188679245285,0.0,0.0,0.0,0.1223267750213858,2.737382378100941,0.0,1.7108639863130881,0.0,0.1710863986313088,8.273625685696993,0.16249060902912385,0.2065251483983327,0.0,0.0,0.7065479486288316,0.13580040076877956,full_same_season_static_retrospective_baseline_plus_shape_distributions_v9,constructor_lineage_regulation_and_stability_shrunk,high,baseline_plus_shape_distributions_v9,1.059791336106593,0.10274559173532243,full_same_season_static_retrospective,1773.2140071548647,0.08167506409617303,19,DNF,,5402.112,53.0,,0.0,unavailable,,1.0,scheduled_distance_unavailable_assume_full,1827.423019480913,0.06967391535145623,0.0,0.0,0.0,0.0,,0.0,,0.0,0.0,0.0,0.007213770091405632,11.249941062359799,1,-0.007213770091405632,0.0,0.0,0.0,all_field_expected_seconds_gap_residual_same_car_crossfit_v7_4,1057,22,16.0,0.7272727272727273,17.454545454545453,4.363636363636363,20.363636363636363,6.545454545454546,384.0,96.0,1771.5734238652756,1653.9876492174549,0,1.0,85,1.640583289589117,0.5755240023934025,0.7071237458728064,-0.7071237458728064,-11.933332111439732,1761.280675043425,1761.280675043425,1597.6683703551332,retrospective_first_five_backcast_previous_season_anchor_frozen_v7_5
tsunoda,2022,French Grand Prix,Yuki Tsunoda,AlphaTauri,AlphaTauri,8,0.0026523663827595118,0.32260704736375473,2022-2025_ground_effect,53,0.0,31.18,31.18,3.4240000000000004,ricard,0.5352097058020547,open_meteo_era5_air_temperature_track_proxy,12,2022-07-24,jolpica_cross_fitted_xw_xp,0.0,20,Undertray,-12.0,2.3030158438468558,8,prior_same_circuit_grid_movement,other,0.0,False,1434.4637034542948,0.0,0.4130982420596667,-0.43361910364783357,-0.4010113372109336,-1.2036297879128914,-0.1951285966415251,-0.501264171513667,-0.1805444681869337,5.859272699284349,0.019634858223575698,0.47825563278159006,10.913142977149787,0.0,0.0,0.0,-0.1951285966415251,-0.501264171513667,-0.1805444681869337,-0.007416592190233398,-0.03409818929215713,-0.0027259975223433218,-0.027225845990005482,-0.06814722118865606,-0.02350301045077942,0.5495812793592546,0.05502748142736278,0.012608613043904305,0.03682783456580527,0.010951050145972483,-0.0018219106212753796,-0.02604113214317634,-0.00016434772334355738,-0.0018219106212753796,cross_fitted,season_grid_average,example_precomputed_capabilities,0.7427266977230038,0.0,-1.3877787807814457e-17,0.010786702422628925,0.43070520172981364,0.05502748142736278,0.5495812793592546,0.2,0.39999999999999997,0.008848155800946772,0.04755043105177642,-0.019634858223575698,-0.47825563278159006,0.0,0.0,0.0,0.0,1434.4637034542948,revised_v3_parallel,prior_similar_races_current_season_only,field_centered_bounded_no_teammate_term,yukitsunoda,yuki-tsunoda,alphatauri,scuderia-alphatauri,alphatauri-at03,alphatauri-at03,exact_chassis,alphatauri-at03,Undertray,other,8.0,8,True,20.0,1:32.780,True,False,,,,False,0.5096952908587258,,-0.17296108488261197,0.0,0.0,-0.5605908403470222,0.0036356562326089778,full_same_season_static_retrospective_baseline_plus_shape_distributions_v9,constructor_lineage_regulation_and_stability_shrunk,-1.961175285788815,1432.502528168506,1568.6964086172873,1.761821874687619,1434.2643500431936,1434.2643500431936,4f5d31e40b89bb02,0.18533556264095186,0.1704,0.2172797262617622,0.0,0.0,0.9471698113207547,0.052830188679245285,0.0,0.0,0.0,0.1223267750213858,2.737382378100941,0.0,1.7108639863130881,0.0,0.1710863986313088,8.273625685696993,0.16249060902912385,-0.16386164126312544,0.0,0.0,-0.5605908403470222,0.0036356562326089778,full_same_season_static_retrospective_baseline_plus_shape_distributions_v9,constructor_lineage_regulation_and_stability_shrunk,high,baseline_plus_shape_distributions_v9,-0.8194546299954344,0.0004785386781740514,full_same_season_static_retrospective,1614.624260329913,-0.02655894235478385,20,DNF,,5402.112,53.0,,0.0,unavailable,,1.0,scheduled_distance_unavailable_assume_full,1546.790010189054,0.023676151553331387,0.0,0.0,0.0,0.0,,0.0,,0.0,0.0,0.0,0.0013705369003855566,13.814855022892647,1,-0.0013705369003855566,0.0,0.0,0.0,all_field_expected_seconds_gap_residual_same_car_crossfit_v7_4,1057,22,16.0,0.7272727272727273,17.454545454545453,4.363636363636363,20.363636363636363,6.545454545454546,384.0,96.0,1613.543675845049,1701.877122563602,0,1.0,29,1.0805844848642285,0.4219408575289064,0.35841036731939097,-0.35841036731939097,0.0,1614.624260329913,1614.624260329913,1633.882132844924,retrospective_first_five_backcast_previous_season_anchor_frozen_v7_5
