driver_id,season,event,driver,constructor,team,grid,v02_XW,v02_XP,regulation_era,race_distance_laps,wet_fraction,track_temperature,air_temperature,wind_speed,circuit_id,overtake_index,weather_source,round,date,source,observed_winner,position,status,positions_gained,overtake_proxy_raw,circuit_history_races,overtake_source,status_class,observed_performance,rating_eligible,pre_rating,season_reversion_delta,driver_expected_from_rating,driver_score_raw_revised,car_score_raw_revised,team_score_raw_revised,XdW_score_revised,XcW_score_revised,XtW_score_revised,car_effective_prior_races,XW,XP,expected_position,XW_simulated,XW_lower_95,XW_upper_95,XdW_score,XcW_score,XtW_score,XdW_probability_contribution,XcW_probability_contribution,XtW_probability_contribution,XdP_performance_contribution,XcP_performance_contribution,XtP_performance_contribution,XP_neutral_baseline,XW_neutral_baseline,XW_with_neutral_driver,XW_with_neutral_car,XW_with_neutral_team,driver_direct_uplift,car_direct_uplift,team_direct_uplift,driver_above_car_expectation,analysis_mode,neutral_reference,data_quality,model_confidence,decomposition_error,xp_decomposition_error,XW_raw_revised,XP_raw_revised,XW_neutral_revised,XP_neutral_revised,xw_calibration_shrinkage,xp_calibration_shrinkage,xw_calibration_adjustment,xp_calibration_adjustment,win_surprise,performance_surprise,raw_rating_delta,field_centering_adjustment,rating_delta,teammate_rating_delta,post_rating,model_version,car_prior_scope,rating_update_method,driver_name_key,driver_id_f1db,constructor_id_f1db,entrant_id,car_model_id,car_model_candidates,car_identity_resolution,model_entity_id,reason_retired_f1db,status_class_f1db,qualifying_position,qualifying_position_text,qualifying_eligible,qualifying_laps,qualifying_time,f1db_joined,clean_pass_proxy_eligible,clean_grid_rank,clean_finish_rank,clean_positions_gained,car_fit_eligible,field_performance,relative_performance,current_car_score_raw,constructor_prior_z_x,prior_weight_total_x,car_suitability_score_v6,expected_car_win_v6,car_model_scope_v6,car_prior_scope_v6,qualifying_rating_carried_v6,pre_qualifying_rating_v6,pre_session_strength,qualifying_delta_v6,pre_race_rating_v6,post_event_rating_v6,layout_key,straight_demand,altitude_demand,top_three_straight_share,straight_600_1000_track_share,straight_over_1000_track_share,radius_under_50_distance_share,radius_50_90_distance_share,radius_90_150_distance_share,radius_150_250_distance_share,radius_250_450_distance_share,steady_long_turn_distance_share,opposite_direction_links_per_km,same_direction_links_per_km,multi_turn_complexes_per_km,multi_apex_turns_per_km,tightening_turns_per_km,approach_severity_per_km,top_three_turning_share,current_car_score_raw_v7_6,constructor_prior_z_y,prior_weight_total_y,car_suitability_score_v7_6,expected_car_win_v7_6,car_model_scope_v7_6,car_prior_scope_v7_6,shape_topology_quality,car_suitability_model_branch_v7_6,car_suitability_score_v6_baseline,expected_car_win_v6_baseline,car_model_scope_v6_baseline,retrospective_pre_race_rating,driver_context_adjustment,result_order,finish_position_text,gap_laps,winner_race_time_seconds,winner_race_laps,cumulative_gap_share,cumulative_gap_reliability,cumulative_gap_quality,race_completion_fraction_v7_4,race_completion_reliability_v7_4,race_completion_quality_v7_4,pairwise_pre_race_strength_v7_4,field_xw_v7_4,margin_comparison_count,margin_comparison_weight,weighted_pair_gap_residual,same_car_margin_comparisons,eligible_timed_field_size,margin_race_completion_reliability,mean_pair_gap_residual_score,margin_pair_coverage,margin_field_depth_factor,raw_pairwise_margin_performance_adjustment,crossfit_car_margin_component,crossfit_car_margin_effective_rows,crossfit_car_margin_other_drivers,driver_margin_adjustment_before_centering,pairwise_margin_performance_adjustment,observed_performance_position_only,gap_adjusted_observed_performance,pairwise_margin_model,event_index,season_rounds,calendar_reference_rounds,calendar_k_multiplier,effective_race_k,effective_qualifying_k,effective_max_race_delta,effective_max_qualifying_delta,scheduled_race_k_budget,scheduled_qualifying_k_budget,retrospective_pre_qualifying_rating,retrospective_debut_anchor,inactivity_seasons,return_uncertainty_multiplier,driver_context_prior_samples,retrospective_qualifying_delta,retrospective_driver_expected_from_rating,retrospective_expected_performance,retrospective_performance_residual,retrospective_race_delta,retrospective_post_rating,retrospective_rating,debut_rating_frozen,rating_history_scope
max_verstappen,2023,Qatar Grand Prix,Max Verstappen,Red Bull,Red Bull,1,0.6735249500723219,0.9769272586598118,2022-2025_ground_effect,57,0.0,31.5,31.5,1.5219999999999998,losail,0.52,open_meteo_era5_air_temperature_track_proxy,17,2023-10-08,jolpica_cross_fitted_xw_xp,1.0,1,Finished,0.0,2.1666666666666665,1,prior_same_circuit_grid_movement,finished,1.0105160670246467,True,2176.481274763541,0.0,0.8879118875057316,1.8424230720656611,1.3489376966533655,0.0,0.8290903824295476,1.6861721208167069,0.0,9.866798506661544,0.31091910608195045,0.8299943490115369,4.230107368780799,0.3,0.17297748231120594,0.42702251768879407,0.8290903824295476,1.6861721208167069,0.0,0.10691896206912088,0.16064377190422252,0.0,0.08240523375585229,0.16087234123673977,0.0,0.6840278040159816,0.09686891890327572,0.19972063629710113,0.14599582646199946,0.36443165287661916,0.16471101657951803,0.2184358264146197,0.0,0.16471101657951803,cross_fitted,season_grid_average,example_precomputed_capabilities,0.7544969558541482,5.551115123125783e-17,0.0,0.36443165287661916,0.9273053790085737,0.09686891890327572,0.6840278040159816,0.2,0.39999999999999997,-0.053512546794668714,-0.09731102999703678,0.6890808939180495,0.1700056509884631,19.598043171825523,-1.848606131357677,17.749437040467846,0.0,2194.230711804009,revised_v3_parallel,prior_similar_races_current_season_only,field_centered_bounded_no_teammate_term,maxverstappen,max-verstappen,red-bull,oracle-red-bull-racing,red-bull-rb19,red-bull-rb19,exact_chassis,red-bull-rb19,,finished,1.0,1,True,19.0,1:23.778,True,True,1.0,1.0,0.0,True,0.5789473684210525,0.42105263157894746,0.3327454859864744,1.7490522597559022,0.13010457183312768,1.209544924585637,0.5900814496201622,full_same_season_static_retrospective_baseline_plus_shape_distributions_v9,constructor_lineage_regulation_and_stability_shrunk,186.07555033646554,2362.556825100007,2034.1314114513393,0.3738881123754254,2362.930713212382,2380.6801502528497,92ed24a23eb27611,0.3992083193559208,0.0048,0.2066420664206642,0.0,0.0,0.0,0.05922165820642978,0.7208121827411168,0.20304568527918782,0.01692047377326565,0.31365313653136534,0.36900369003690037,0.0,0.18450184501845018,0.36900369003690037,0.0,2.258744383267999,0.3447320689514457,0.30999676952751304,1.7490522597559022,0.13010457183312768,1.209544924585637,0.5900814496201622,full_same_season_static_retrospective_baseline_plus_shape_distributions_v9,constructor_lineage_regulation_and_stability_shrunk,high,baseline_plus_shape_distributions_v9,1.7235397957747003,0.7712560913115251,full_same_season_static_retrospective,1938.3303468950428,0.08593938158482352,1,1,,5259.168,57.0,0.0,1.0,winner_origin,,1.0,scheduled_distance_unavailable_assume_full,2041.9059903717111,0.15124468768884985,16.0,16.8,-0.15381756518845863,1.0,17.0,1.0,-0.009155807451693965,1.0,0.9176629354822471,-0.0033607780571326866,-0.014298062698984737,15.142644128332801,1,0.01093728464185205,0.01051606702464673,1.0,1.0105160670246467,all_field_expected_seconds_gap_residual_same_car_crossfit_v7_4,1084,22,16.0,0.7272727272727273,17.454545454545453,4.363636363636363,20.363636363636363,6.545454545454546,384.0,96.0,1937.3678174844883,1629.7265680024072,0,1.0,161,0.9625294105544712,0.7152849678510675,0.865941120791629,0.1445749462330177,1.6078523361345272,1939.9381992311774,1939.9381992311774,1577.675665102829,retrospective_first_five_backcast_previous_season_anchor_frozen_v7_5
piastri,2023,Qatar Grand Prix,Oscar Piastri,McLaren,McLaren,6,0.006322024504581529,0.5485455193152498,2022-2025_ground_effect,57,0.0,31.5,31.5,1.5219999999999998,losail,0.52,open_meteo_era5_air_temperature_track_proxy,17,2023-10-08,jolpica_cross_fitted_xw_xp,0.0,2,Finished,4.0,2.1666666666666665,1,prior_same_circuit_grid_movement,finished,1.0475059019907271,True,1491.6402132143608,0.0,0.48439550722725255,-0.18823395684120053,0.6000357838176239,0.0,-0.08470528057854024,0.7500447297720299,0.0,9.866798506661544,0.050129654112721925,0.6464764566976322,7.716947322744988,0.04,0.0,0.09431711332536,-0.08470528057854024,0.7500447297720299,0.0,-0.01231795772483513,-0.005862429933573287,0.0,-0.01452389796387443,0.10871320093404457,0.0,0.5899628749155301,0.06467396423944866,0.056938957510096186,0.05048342971883434,0.04649357658104024,-0.010445380929055947,-0.003989853137794104,0.0,-0.010445380929055947,cross_fitted,season_grid_average,example_precomputed_capabilities,0.7544969558541482,0.0,0.0,0.04649357658104024,0.6841521778857003,0.06467396423944866,0.5899628749155301,0.2,0.39999999999999997,0.0036360775316816862,-0.037675721188068056,-0.050129654112721925,0.30089196435499943,4.2129436596846634,-1.8486061313576774,2.364337528326986,0.0,1494.0045507426878,revised_v3_parallel,prior_similar_races_current_season_only,field_centered_bounded_no_teammate_term,oscarpiastri,oscar-piastri,mclaren,mclaren-f1-team,mclaren-mcl60,mclaren-mcl60,exact_chassis,mclaren-mcl60,,finished,6.0,6,True,23.0,1:24.540,True,True,5.0,2.0,3.0,True,0.5789473684210525,0.3684210526315791,0.032454900150211095,-0.08924749426236463,0.13010457183312768,0.18302197008776663,0.03141664507646827,full_same_season_static_retrospective_baseline_plus_shape_distributions_v9,constructor_lineage_regulation_and_stability_shrunk,4.612898816257462,1496.2531120306182,1668.3843953499913,1.5995649568750934,1497.8526769874934,1500.2170145158204,92ed24a23eb27611,0.3992083193559208,0.0048,0.2066420664206642,0.0,0.0,0.0,0.05922165820642978,0.7208121827411168,0.20304568527918782,0.01692047377326565,0.31365313653136534,0.36900369003690037,0.0,0.18450184501845018,0.36900369003690037,0.0,2.258744383267999,0.3447320689514457,0.05943497512535832,-0.08924749426236463,0.13010457183312768,0.18302197008776663,0.03141664507646827,full_same_season_static_retrospective_baseline_plus_shape_distributions_v9,constructor_lineage_regulation_and_stability_shrunk,high,baseline_plus_shape_distributions_v9,0.15594298198235285,0.00875103897879811,full_same_season_static_retrospective,1654.9115145875003,0.07543155621898566,2,2,,5259.168,57.0,0.0009189666502382127,1.0,exact_seconds,,1.0,scheduled_distance_unavailable_assume_full,1669.4614718917987,0.036104591887352495,16.0,16.8,4.784467491838644,1.0,17.0,1.0,0.2847897316570621,1.0,0.9176629354822471,0.10453639245904843,0.003977693903747661,15.287852583465918,1,0.10055869855530077,0.10013748093809545,0.9473684210526316,1.0475059019907271,all_field_expected_seconds_gap_residual_same_car_crossfit_v7_4,1084,22,16.0,0.7272727272727273,17.454545454545453,4.363636363636363,20.363636363636363,6.545454545454546,384.0,96.0,1653.74263774297,1717.4204273567252,0,1.0,14,1.1688768445303337,0.4522086982365695,0.5455050698633319,0.5020008321273952,7.846558708109116,1662.7580732956094,1662.7580732956094,1638.295728692795,retrospective_first_five_backcast_previous_season_anchor_frozen_v7_5
norris,2023,Qatar Grand Prix,Lando Norris,McLaren,McLaren,10,0.029522663780409148,0.7538230141479617,2022-2025_ground_effect,57,0.0,31.5,31.5,1.5219999999999998,losail,0.52,open_meteo_era5_air_temperature_track_proxy,17,2023-10-08,jolpica_cross_fitted_xw_xp,0.0,3,Finished,7.0,2.1666666666666665,1,prior_same_circuit_grid_movement,finished,0.9572853590502245,True,1388.4298605129334,0.0,0.3954525459256939,-0.494268217834558,0.6000357838176239,0.0,-0.2224206980255511,0.7500447297720299,0.0,9.866798506661544,0.033493311757078176,0.5702566565398942,9.16512352574201,0.08,0.0048013617144565535,0.15519863828554345,-0.2224206980255511,0.7500447297720299,0.0,-0.012385801263548492,-0.004263678605398261,0.0,-0.03345944895520214,0.1337395648765326,0.0,0.5100885869870959,0.04681289565223558,0.04121407289336021,0.03309195023520998,0.030163415783288825,-0.011050657110071384,-0.0029285344519211533,0.0,-0.011050657110071384,cross_fitted,season_grid_average,example_precomputed_capabilities,0.7544969558541482,0.0,0.0,0.030163415783288825,0.6103687029084264,0.04681289565223558,0.5100885869870959,0.2,0.39999999999999997,0.0033298959737893506,-0.04011204636853216,-0.033493311757078176,0.32448018556536895,5.036803858006764,-1.8486061313576774,3.188197726649087,0.0,1391.6180582395825,revised_v3_parallel,prior_similar_races_current_season_only,field_centered_bounded_no_teammate_term,landonorris,lando-norris,mclaren,mclaren-f1-team,mclaren-mcl60,mclaren-mcl60,exact_chassis,mclaren-mcl60,,finished,10.0,10,True,21.0,1:24.685,True,True,9.0,3.0,6.0,True,0.5789473684210525,0.3157894736842106,0.032454900150211095,-0.08924749426236463,0.13010457183312768,0.18302197008776663,0.03141664507646827,full_same_season_static_retrospective_baseline_plus_shape_distributions_v9,constructor_lineage_regulation_and_stability_shrunk,106.40119552369937,1494.8310560366328,1750.7702520276746,0.3435967243944277,1495.1746527610273,1498.3628504876765,92ed24a23eb27611,0.3992083193559208,0.0048,0.2066420664206642,0.0,0.0,0.0,0.05922165820642978,0.7208121827411168,0.20304568527918782,0.01692047377326565,0.31365313653136534,0.36900369003690037,0.0,0.18450184501845018,0.36900369003690037,0.0,2.258744383267999,0.3447320689514457,0.05943497512535832,-0.08924749426236463,0.13010457183312768,0.18302197008776663,0.03141664507646827,full_same_season_static_retrospective_baseline_plus_shape_distributions_v9,constructor_lineage_regulation_and_stability_shrunk,high,baseline_plus_shape_distributions_v9,0.15594298198235285,0.00875103897879811,full_same_season_static_retrospective,1736.0437315498662,0.05492001605292875,3,3,,5259.168,57.0,0.0011349703983595885,1.0,exact_seconds,,1.0,scheduled_distance_unavailable_assume_full,1743.7032663916336,0.04803670565439866,16.0,16.8,3.427547934987916,1.0,17.0,1.0,0.20402071041594738,1.0,0.9176629354822471,0.0748888976077887,0.0119191630456221,13.564856342614119,1,0.0629697345621666,0.06254851694496129,0.8947368421052632,0.9572853590502245,all_field_expected_seconds_gap_residual_same_car_crossfit_v7_4,1084,22,16.0,0.7272727272727273,17.454545454545453,4.363636363636363,20.363636363636363,6.545454545454546,384.0,96.0,1736.1284944206532,1656.5260774244935,0,1.0,92,-0.08476287078710978,0.5312076211802593,0.600565270820175,0.3567200882300495,5.310749360082719,1741.354480909949,1741.354480909949,1596.1964119421173,retrospective_first_five_backcast_previous_season_anchor_frozen_v7_5
russell,2023,Qatar Grand Prix,George Russell,Mercedes,Mercedes,2,0.04480917872213051,0.7993658387857593,2022-2025_ground_effect,57,0.0,31.5,31.5,1.5219999999999998,losail,0.52,open_meteo_era5_air_temperature_track_proxy,17,2023-10-08,jolpica_cross_fitted_xw_xp,0.0,4,Finished,-2.0,2.1666666666666665,1,prior_same_circuit_grid_movement,finished,0.9201664188984162,True,1544.4271945112387,0.0,0.5293790464710764,-0.0317125964502211,-0.37218309713435804,0.0,-0.014270668402599496,-0.46522887141794755,0.0,9.866798506661544,0.03590680718175773,0.601176021985406,8.577655582277286,0.02,0.0,0.05880602015151773,-0.014270668402599496,-0.46522887141794755,0.0,-0.009746510164740594,-0.05705719845506145,0.0,-0.00437806709900751,-0.10362447487854703,0.0,0.6659775471719387,0.08934977407759936,0.026062462732550088,0.07337315102287094,0.022546065457797325,-0.003516397274752763,-0.050827085565073614,0.0,-0.003516397274752763,cross_fitted,season_grid_average,example_precomputed_capabilities,0.7544969558541482,1.3877787807814457e-17,0.0,0.022546065457797325,0.5579750051943841,0.08934977407759936,0.6659775471719387,0.2,0.39999999999999997,0.013360741723960408,0.04320101679102184,-0.03590680718175773,0.2409292411724887,3.474962968742611,-1.8486061313576774,1.6263568373849338,0.0,1546.0535513486236,revised_v3_parallel,prior_similar_races_current_season_only,field_centered_bounded_no_teammate_term,georgerussell,george-russell,mercedes,mercedes-amg-petronas-f1-team,mercedes-f1-w14,mercedes-f1-w14,exact_chassis,mercedes-f1-w14,,finished,2.0,2,True,21.0,1:24.219,True,True,2.0,4.0,-2.0,True,0.5789473684210525,0.26315789473684215,0.19001437887576042,1.1691737996136935,0.13010457183312768,0.7658124229883859,0.16607731453753066,full_same_season_static_retrospective_baseline_plus_shape_distributions_v9,constructor_lineage_regulation_and_stability_shrunk,11.110346944165858,1555.5375414554046,1806.9687687463938,2.2315616602688753,1557.7691031156735,1559.3954599530584,92ed24a23eb27611,0.3992083193559208,0.0048,0.2066420664206642,0.0,0.0,0.0,0.05922165820642978,0.7208121827411168,0.20304568527918782,0.01692047377326565,0.31365313653136534,0.36900369003690037,0.0,0.18450184501845018,0.36900369003690037,0.0,2.258744383267999,0.3447320689514457,0.1940847954784525,1.1691737996136935,0.13010457183312768,0.7658124229883859,0.16607731453753066,full_same_season_static_retrospective_baseline_plus_shape_distributions_v9,constructor_lineage_regulation_and_stability_shrunk,high,baseline_plus_shape_distributions_v9,1.012279110631408,0.10107341025544475,full_same_season_static_retrospective,1747.2320638114402,0.08445016159029103,4,4,,5259.168,57.0,0.006487528065275724,1.0,exact_seconds,,1.0,scheduled_distance_unavailable_assume_full,1772.1726129939934,0.05359538195121612,16.0,14.8,0.8166732476680227,0.0,17.0,1.0,0.05518062484243397,1.0,0.9176629354822471,0.020254885669861025,-0.058227487687865856,13.551328596675678,1,0.07848237335772688,0.07806115574052157,0.8421052631578947,0.9201664188984162,all_field_expected_seconds_gap_residual_same_car_crossfit_v7_4,1084,22,16.0,0.7272727272727273,17.454545454545453,4.363636363636363,20.363636363636363,6.545454545454546,384.0,96.0,1745.703774907323,1656.5260774244935,0,1.0,88,1.5282889041172454,0.5420648025188676,0.6829275615131352,0.23723885738528105,3.2252587853376693,1750.4573225967779,1750.4573225967779,1634.92923233186,retrospective_first_five_backcast_previous_season_anchor_frozen_v7_5
leclerc,2023,Qatar Grand Prix,Charles Leclerc,Ferrari,Ferrari,5,0.023645412042603706,0.7277028131769415,2022-2025_ground_effect,57,0.0,31.5,31.5,1.5219999999999998,losail,0.52,open_meteo_era5_air_temperature_track_proxy,17,2023-10-08,jolpica_cross_fitted_xw_xp,0.0,5,Finished,0.0,2.1666666666666665,1,prior_same_circuit_grid_movement,finished,0.7652230091731859,True,1437.7292396085352,0.0,0.43785651476526455,-0.34808812393836475,1.9836603871742142,0.0,-0.15663965577226413,2.4795754839677677,0.0,9.866798506661544,0.19256722576959823,0.7758419258062053,5.2590034096821,0.24,0.12161859605495463,0.35838140394504536,-0.15663965577226413,2.4795754839677677,0.0,-0.04616067307586104,0.19922403044228637,0.0,-0.023368475746370243,0.30068435378559233,0.0,0.6094523989826719,0.07011653987645794,0.2973539644526995,0.0519692609345521,0.22317989724288329,-0.07417406720981623,0.1712106363083312,0.0,-0.07417406720981623,cross_fitted,season_grid_average,example_precomputed_capabilities,0.7544969558541482,0.0,0.0,0.22317989724288329,0.886768277021894,0.07011653987645794,0.6094523989826719,0.2,0.39999999999999997,-0.030612671473285058,-0.11092635121568872,-0.19256722576959823,0.01363175840432107,-4.376241767192578,-1.848606131357677,-6.224847898550255,0.0,1431.504391709985,revised_v3_parallel,prior_similar_races_current_season_only,field_centered_bounded_no_teammate_term,charlesleclerc,charles-leclerc,ferrari,scuderia-ferrari,ferrari-sf-23,ferrari-sf-23,exact_chassis,ferrari-sf-23,,finished,5.0,5,True,26.0,1:24.424,True,True,4.0,5.0,-1.0,True,0.5789473684210525,0.21052631578947378,0.1870633270188028,1.1187690946696842,0.13010457183312768,0.7284164850480299,0.1492477822972199,full_same_season_static_retrospective_baseline_plus_shape_distributions_v9,constructor_lineage_regulation_and_stability_shrunk,120.28659237572805,1558.0158319842633,1863.918483268461,1.2796899140730473,1559.2955218983363,1553.070673999786,92ed24a23eb27611,0.3992083193559208,0.0048,0.2066420664206642,0.0,0.0,0.0,0.05922165820642978,0.7208121827411168,0.20304568527918782,0.01692047377326565,0.31365313653136534,0.36900369003690037,0.0,0.18450184501845018,0.36900369003690037,0.0,2.258744383267999,0.3447320689514457,0.18437054999118502,1.1187690946696842,0.13010457183312768,0.7284164850480299,0.1492477822972199,full_same_season_static_retrospective_baseline_plus_shape_distributions_v9,constructor_lineage_regulation_and_stability_shrunk,high,baseline_plus_shape_distributions_v9,0.9931507535290655,0.09569773573749071,full_same_season_static_retrospective,1806.265272038885,0.07802357776605245,5,5,,5259.168,57.0,0.00741105817498129,1.0,exact_seconds,,1.0,scheduled_distance_unavailable_assume_full,1869.5348880536742,0.07793952421819733,16.0,14.8,-1.2506651137459377,0.0,17.0,1.0,-0.08450439957742822,1.0,0.9176629354822471,-0.031018622150955022,-0.007189164730819915,12.913480813768878,1,-0.023829457420135106,-0.024250675037340425,0.7894736842105263,0.7652230091731859,all_field_expected_seconds_gap_residual_same_car_crossfit_v7_4,1084,22,16.0,0.7272727272727273,17.454545454545453,4.363636363636363,20.363636363636363,6.545454545454546,384.0,96.0,1805.6451644646186,1653.9876492174549,0,1.0,109,0.6201075742665684,0.598541385581126,0.7258743917420678,0.03934861743111806,-0.22882540295317566,1806.036446635932,1806.036446635932,1597.6683703551332,retrospective_first_five_backcast_previous_season_anchor_frozen_v7_5
alonso,2023,Qatar Grand Prix,Fernando Alonso,Aston Martin,Aston Martin,4,0.04979396270920661,0.8101059514510703,2022-2025_ground_effect,57,0.0,31.5,31.5,1.5219999999999998,losail,0.52,open_meteo_era5_air_temperature_track_proxy,17,2023-10-08,jolpica_cross_fitted_xw_xp,0.0,6,Finished,-2.0,2.1666666666666665,1,prior_same_circuit_grid_movement,finished,0.7181667916149402,True,1929.9173607887233,0.0,0.7924040641829159,1.1113238826345455,-0.3088405590715632,0.0,0.5000957471855455,-0.38605069883945403,0.0,9.866798506661544,0.03861343474328705,0.6144568546415183,8.325319761811151,0.02,0.0,0.05880602015151773,0.5000957471855455,-0.38605069883945403,0.0,0.009911203914566295,-0.05666582331482878,0.0,0.06791043783607281,-0.09156306956699839,0.0,0.6286484336800737,0.07601713026349705,0.023828182731420025,0.09040520996081511,0.029262510863234552,0.005434328131814527,-0.061142699097580556,0.0,0.005434328131814527,cross_fitted,season_grid_average,example_precomputed_capabilities,0.7544969558541482,-6.938893903907228e-18,0.0,0.029262510863234552,0.6049958019491481,0.07601713026349705,0.6286484336800737,0.2,0.39999999999999997,0.0093509238800525,0.009461052692370187,-0.03861343474328705,0.12238525062163963,1.276212077350624,-1.8486061313576774,-0.5723940540070533,0.0,1929.3449667347163,revised_v3_parallel,prior_similar_races_current_season_only,field_centered_bounded_no_teammate_term,fernandoalonso,fernando-alonso,aston-martin,aston-martin-aramco-cognizant-f1-team,aston-martin-amr23,aston-martin-amr23,exact_chassis,aston-martin-amr23,,finished,4.0,4,True,21.0,1:24.369,True,True,3.0,6.0,-3.0,True,0.5789473684210525,0.15789473684210542,0.08769755220043925,-0.45317406046446235,0.13010457183312768,0.20748253452443002,0.033690812611994955,full_same_season_static_retrospective_baseline_plus_shape_distributions_v9,constructor_lineage_regulation_and_stability_shrunk,-200.71406709554174,1729.2032936931814,1760.9528559270568,1.0563376277200207,1730.2596313209015,1729.6872372668945,92ed24a23eb27611,0.3992083193559208,0.0048,0.2066420664206642,0.0,0.0,0.0,0.05922165820642978,0.7208121827411168,0.20304568527918782,0.01692047377326565,0.31365313653136534,0.36900369003690037,0.0,0.18450184501845018,0.36900369003690037,0.0,2.258744383267999,0.3447320689514457,0.07983877766703619,-0.45317406046446235,0.13010457183312768,0.20748253452443002,0.033690812611994955,full_same_season_static_retrospective_baseline_plus_shape_distributions_v9,constructor_lineage_regulation_and_stability_shrunk,high,baseline_plus_shape_distributions_v9,0.363493410493032,0.015834223756925458,full_same_season_static_retrospective,1745.6064258866209,0.0422259655618066,6,6,,5259.168,57.0,0.009323147691802201,1.0,exact_seconds,,1.0,scheduled_distance_unavailable_assume_full,1759.854819191554,0.051115448818252786,16.0,16.8,-0.18402611165502997,1.0,17.0,1.0,-0.010953935217561307,1.0,0.9176629354822471,-0.0040208081387318705,0.014233287892280573,13.284579980300347,1,-0.018254096031012444,-0.018675313648217763,0.736842105263158,0.7181667916149402,all_field_expected_seconds_gap_residual_same_car_crossfit_v7_4,1084,22,16.0,0.7272727272727273,17.454545454545453,4.363636363636363,20.363636363636363,6.545454545454546,384.0,96.0,1744.3542531651024,1532.190303845819,0,1.0,316,1.252172721518435,0.540489344559059,0.5985090295627903,0.11965776205214995,1.17293421225029,1746.7793600988712,1746.7793600988712,1487.6322111268798,retrospective_first_five_backcast_previous_season_anchor_frozen_v7_5
ocon,2023,Qatar Grand Prix,Esteban Ocon,Alpine F1 Team,Alpine F1 Team,8,0.0028369763832342357,0.4237016508346108,2022-2025_ground_effect,57,0.0,31.5,31.5,1.5219999999999998,losail,0.52,open_meteo_era5_air_temperature_track_proxy,17,2023-10-08,jolpica_cross_fitted_xw_xp,0.0,7,Finished,1.0,2.1666666666666665,1,prior_same_circuit_grid_movement,finished,0.6861520067066087,True,1456.360131709486,0.0,0.45395893479350624,-0.2928447191197063,0.1537629326479262,0.0,-0.13178012360386782,0.19220366580990775,0.0,9.866798506661544,0.02949818722525996,0.5576446025818417,9.404752550945009,0.02,0.0,0.05880602015151773,-0.13178012360386782,0.19220366580990775,0.0,-0.009781116296894739,-0.022125410937165066,0.0,-0.019240679571253194,0.03147688809807181,0.0,0.5503028774657505,0.0550234090125078,0.02917471022948545,0.04151900486975578,0.023116881778447996,-0.006057828451037455,-0.018402123091307784,0.0,-0.006057828451037455,cross_fitted,season_grid_average,example_precomputed_capabilities,0.7544969558541482,0.0,0.0,0.023116881778447996,0.5625390859925691,0.0550234090125078,0.5503028774657505,0.2,0.39999999999999997,0.006381305446811963,-0.0048944834107274016,-0.02949818722525996,0.12656592373394782,1.5702301338048217,-1.8486061313576774,-0.2783759975528557,0.0,1456.0817557119333,revised_v3_parallel,prior_similar_races_current_season_only,field_centered_bounded_no_teammate_term,estebanocon,esteban-ocon,alpine,bwt-alpine-f1-team,alpine-a523,alpine-a523,exact_chassis,alpine-a523,,finished,8.0,8,True,24.0,1:24.763,True,True,7.0,7.0,0.0,True,0.5789473684210525,0.10526315789473695,-0.0050971233181763866,0.35794465628513283,0.13010457183312768,0.060974897597920186,0.022167603672475316,full_same_season_static_retrospective_baseline_plus_shape_distributions_v9,constructor_lineage_regulation_and_stability_shrunk,44.520750722385216,1500.8808824318712,1685.3626702701013,0.9923539932327041,1501.8732364251039,1501.594860427551,92ed24a23eb27611,0.3992083193559208,0.0048,0.2066420664206642,0.0,0.0,0.0,0.05922165820642978,0.7208121827411168,0.20304568527918782,0.01692047377326565,0.31365313653136534,0.36900369003690037,0.0,0.18450184501845018,0.36900369003690037,0.0,2.258744383267999,0.3447320689514457,0.006077695483820479,0.35794465628513283,0.13010457183312768,0.060974897597920186,0.022167603672475316,full_same_season_static_retrospective_baseline_plus_shape_distributions_v9,constructor_lineage_regulation_and_stability_shrunk,high,baseline_plus_shape_distributions_v9,0.03786053321750828,0.006245080343282086,full_same_season_static_retrospective,1681.1251118393488,0.05278359198257035,7,7,,5259.168,57.0,0.011863093173673098,1.0,exact_seconds,,1.0,scheduled_distance_unavailable_assume_full,1682.9856700342095,0.03803231537897097,16.0,16.8,0.01131698439868567,1.0,17.0,1.0,0.0006736300237312899,1.0,0.9176629354822471,0.00024726612200249253,-0.0021154318860220327,13.5575298592188,1,0.0023626980080245254,0.0019414803908192058,0.6842105263157895,0.6861520067066087,all_field_expected_seconds_gap_residual_same_car_crossfit_v7_4,1084,22,16.0,0.7272727272727273,17.454545454545453,4.363636363636363,20.363636363636363,6.545454545454546,384.0,96.0,1680.4846784622675,1664.4723494750056,0,1.0,111,0.6404333770812153,0.47768212238088276,0.5381987000621987,0.14795330664440998,1.6668200814970104,1682.7919319208459,1682.7919319208459,1596.5343058469389,retrospective_first_five_backcast_previous_season_anchor_frozen_v7_5
bottas,2023,Qatar Grand Prix,Valtteri Bottas,Alfa Romeo,Alfa Romeo,9,0.0024600080113935255,0.4008878360704775,2022-2025_ground_effect,57,0.0,31.5,31.5,1.5219999999999998,losail,0.52,open_meteo_era5_air_temperature_track_proxy,17,2023-10-08,jolpica_cross_fitted_xw_xp,0.0,8,Finished,1.0,2.1666666666666665,1,prior_same_circuit_grid_movement,finished,0.6196084029384072,True,1662.2753841268498,0.0,0.6242972686002858,0.3177250585372695,-1.492891696975149,0.0,0.1429762763417713,-1.8661146212189361,0.0,9.866798506661544,0.013275010763386882,0.35826248522761117,13.193012780675387,0.0,0.0,0.0,0.1429762763417713,-1.8661146212189361,0.0,-0.002158274392308059,-0.044688449823656065,0.0,0.02382341525868246,-0.31044876064726334,0.0,0.5302376924607597,0.050752390136158176,0.004143293168917538,0.04667346860026554,0.0039056659201940555,-0.00023762724872348259,-0.042767802680071486,0.0,-0.00023762724872348259,cross_fitted,season_grid_average,example_precomputed_capabilities,0.7544969558541482,0.0,0.0,0.0039056659201940555,0.2436123470721788,0.050752390136158176,0.5302376924607597,0.2,0.39999999999999997,0.009369344843192826,0.11465013815543237,-0.013275010763386882,0.27331646214080985,4.601096060213292,-1.8486061313576774,2.752489928855615,0.0,1665.0278740557053,revised_v3_parallel,prior_similar_races_current_season_only,field_centered_bounded_no_teammate_term,valtteribottas,valtteri-bottas,alfa-romeo,alfa-romeo-f1-team-stake,alfa-romeo-c43,alfa-romeo-c43,exact_chassis,alfa-romeo-c43,,finished,9.0,9,True,21.0,1:25.058,True,True,8.0,8.0,0.0,True,0.5789473684210525,0.052631578947368474,-0.21294637852326118,-0.6432773599577294,0.13010457183312768,-0.7546934786498822,0.002155776220967142,full_same_season_static_retrospective_baseline_plus_shape_distributions_v9,constructor_lineage_regulation_and_stability_shrunk,120.8129004472598,1783.0882845741096,1655.0161254191394,-0.2798856723599201,1782.8083989017496,1785.560888830605,92ed24a23eb27611,0.3992083193559208,0.0048,0.2066420664206642,0.0,0.0,0.0,0.05922165820642978,0.7208121827411168,0.20304568527918782,0.01692047377326565,0.31365313653136534,0.36900369003690037,0.0,0.18450184501845018,0.36900369003690037,0.0,2.258744383267999,0.3447320689514457,-0.2092821700737877,-0.6432773599577294,0.13010457183312768,-0.7546934786498822,0.002155776220967142,full_same_season_static_retrospective_baseline_plus_shape_distributions_v9,constructor_lineage_regulation_and_stability_shrunk,high,baseline_plus_shape_distributions_v9,-1.0159484421556708,0.00030755886533628243,full_same_season_static_retrospective,1715.9257785725724,0.028152254733533236,8,8,,5259.168,57.0,0.012656564688559104,1.0,exact_seconds,,1.0,scheduled_distance_unavailable_assume_full,1653.670268977524,0.033977028384491494,16.0,16.8,-0.11562191699884015,1.0,17.0,1.0,-0.006882256964216676,1.0,0.9176629354822471,-0.0025262368514104854,0.00902308996139795,14.22924248211962,1,-0.011549326812808436,-0.011970544430013755,0.631578947368421,0.6196084029384072,all_field_expected_seconds_gap_residual_same_car_crossfit_v7_4,1084,22,16.0,0.7272727272727273,17.454545454545453,4.363636363636363,20.363636363636363,6.545454545454546,384.0,96.0,1715.3916037111298,1615.7855300468177,0,1.0,197,0.5341748614426781,0.5116213004359867,0.4851953293014664,0.13441307363694083,1.4304814690030034,1717.3562600415755,1717.3562600415755,1586.0486905239447,retrospective_first_five_backcast_previous_season_anchor_frozen_v7_5
zhou,2023,Qatar Grand Prix,Guanyu Zhou,Alfa Romeo,Alfa Romeo,19,0.0004618046395914015,0.15722077540010876,2022-2025_ground_effect,57,0.0,31.5,31.5,1.5219999999999998,losail,0.52,open_meteo_era5_air_temperature_track_proxy,17,2023-10-08,jolpica_cross_fitted_xw_xp,0.0,9,Finished,10.0,2.1666666666666665,1,prior_same_circuit_grid_movement,finished,0.6189738089802278,True,1468.190878254418,0.0,0.4641809027186887,-0.25776477140988785,-1.492891696975149,0.0,-0.11599414713444954,-1.8661146212189361,0.0,9.866798506661544,0.0057376303553818096,0.20397446085757492,16.124485243706076,0.0,0.0,0.0,-0.11599414713444954,-1.8661146212189361,0.0,-0.002843861906454527,-0.01826261332152663,0.0,-0.0033002528137275264,-0.21344640047041663,0.0,0.3340224528280614,0.022622810537766734,0.0018468674305067896,0.01726561884557889,0.0015163353097855786,-0.00033053212072121094,-0.015749283535793312,0.0,-0.00033053212072121094,cross_fitted,season_grid_average,example_precomputed_capabilities,0.7544969558541482,0.0,0.0,0.0015163353097855786,0.11727579954391727,0.022622810537766734,0.3340224528280614,0.2,0.39999999999999997,0.004221295045596231,0.08669866131365765,-0.0057376303553818096,0.37497290756347773,6.611809207613436,-1.8486061313576778,4.763203076255758,0.0,1472.9540813306737,revised_v3_parallel,prior_similar_races_current_season_only,field_centered_bounded_no_teammate_term,guanyuzhou,guanyu-zhou,alfa-romeo,alfa-romeo-f1-team-stake,alfa-romeo-c43,alfa-romeo-c43,exact_chassis,alfa-romeo-c43,,finished,20.0,20,True,9.0,1:27.432,True,True,16.0,9.0,7.0,True,0.5789473684210525,1.1102230246251565e-16,-0.21294637852326118,-0.6432773599577294,0.13010457183312768,-0.7546934786498822,0.002155776220967142,full_same_season_static_retrospective_baseline_plus_shape_distributions_v9,constructor_lineage_regulation_and_stability_shrunk,-26.16745868200188,1442.0234195724163,1584.6888874588512,-2.081663483580697,1439.9417560888355,1444.7049591650912,92ed24a23eb27611,0.3992083193559208,0.0048,0.2066420664206642,0.0,0.0,0.0,0.05922165820642978,0.7208121827411168,0.20304568527918782,0.01692047377326565,0.31365313653136534,0.36900369003690037,0.0,0.18450184501845018,0.36900369003690037,0.0,2.258744383267999,0.3447320689514457,-0.2092821700737877,-0.6432773599577294,0.13010457183312768,-0.7546934786498822,0.002155776220967142,full_same_season_static_retrospective_baseline_plus_shape_distributions_v9,constructor_lineage_regulation_and_stability_shrunk,high,baseline_plus_shape_distributions_v9,-1.0159484421556708,0.00030755886533628243,full_same_season_static_retrospective,1643.3537186337444,-0.032360256741060946,9,9,,5259.168,57.0,0.014475103286299277,1.0,exact_seconds,,1.0,scheduled_distance_unavailable_assume_full,1542.2282058479486,0.022132814821315707,16.0,16.8,1.1047978622645547,1.0,17.0,1.0,0.0657617775157473,1.0,0.9176629354822471,0.024138858319052443,-0.016308799857328016,14.117827709944587,1,0.04044765817638046,0.04002644055917515,0.5789473684210527,0.6189738089802278,all_field_expected_seconds_gap_residual_same_car_crossfit_v7_4,1084,22,16.0,0.7272727272727273,17.454545454545453,4.363636363636363,20.363636363636363,6.545454545454546,384.0,96.0,1645.0643657508417,1710.760275985856,0,1.0,34,-1.710647117097294,0.4410360850888897,0.35815980687666193,0.26081400210356587,3.6367522204204588,1646.9904708541649,1646.9904708541649,1707.1753691868482,retrospective_first_five_backcast_previous_season_anchor_frozen_v7_5
perez,2023,Qatar Grand Prix,Sergio Pérez,Red Bull,Red Bull,20,0.012867700620435761,0.64991782772344,2022-2025_ground_effect,57,0.0,31.5,31.5,1.5219999999999998,losail,0.52,open_meteo_era5_air_temperature_track_proxy,17,2023-10-08,jolpica_cross_fitted_xw_xp,0.0,10,Finished,10.0,2.1666666666666665,1,prior_same_circuit_grid_movement,finished,0.4273798449766488,True,1405.6939630107106,0.0,0.4102435586384228,-0.44307755031591317,1.3489376966533655,0.0,-0.19938489764216094,1.6861721208167069,0.0,9.866798506661544,0.02935397687252122,0.49711456455063724,10.554823273537894,0.02,0.0,0.05880602015151773,-0.19938489764216094,1.6861721208167069,0.0,-0.008707984611147747,0.019316973076065145,0.0,-0.02593664080817812,0.3278405884192097,0.0,0.31597219598401827,0.020866786100587297,0.04302234240526733,0.014997384718054436,0.0314757745655047,-0.011546567839762635,0.01647838984745026,0.0,-0.011546567839762635,cross_fitted,season_grid_average,example_precomputed_capabilities,0.7544969558541482,1.734723475976807e-18,0.0,0.0314757745655047,0.6178761435950498,0.020866786100587297,0.31597219598401827,0.2,0.39999999999999997,-0.002121797692983478,-0.12076157904441259,-0.02935397687252122,0.029201224923047053,-0.17887339632566224,-1.8486061313576774,-2.0274795276833397,0.0,1403.6664834830274,revised_v3_parallel,prior_similar_races_current_season_only,field_centered_bounded_no_teammate_term,sergioperez,sergio-perez,red-bull,oracle-red-bull-racing,red-bull-rb19,red-bull-rb19,exact_chassis,red-bull-rb19,,finished,13.0,13,True,16.0,1:25.462,True,True,17.0,10.0,7.0,True,0.5789473684210525,-0.05263157894736825,0.3327454859864744,1.7490522597559022,0.13010457183312768,1.209544924585637,0.5900814496201622,full_same_season_static_retrospective_baseline_plus_shape_distributions_v9,constructor_lineage_regulation_and_stability_shrunk,169.08236722125577,1574.7763302319663,1895.2995622151836,-1.5910281740355232,1573.1853020579308,1571.1578225302476,92ed24a23eb27611,0.3992083193559208,0.0048,0.2066420664206642,0.0,0.0,0.0,0.05922165820642978,0.7208121827411168,0.20304568527918782,0.01692047377326565,0.31365313653136534,0.36900369003690037,0.0,0.18450184501845018,0.36900369003690037,0.0,2.258744383267999,0.3447320689514457,0.30999676952751304,1.7490522597559022,0.13010457183312768,1.209544924585637,0.5900814496201622,full_same_season_static_retrospective_baseline_plus_shape_distributions_v9,constructor_lineage_regulation_and_stability_shrunk,high,baseline_plus_shape_distributions_v9,1.7235397957747003,0.7712560913115251,full_same_season_static_retrospective,1797.202722533395,0.06588962225237105,10,10,,5259.168,57.0,0.01524594764799299,1.0,exact_seconds,,1.0,scheduled_distance_unavailable_assume_full,1891.9052437287069,0.08494236986447198,16.0,16.8,-5.2997573391041986,1.0,17.0,1.0,-0.3154617463752499,1.0,0.9176629354822471,-0.11579502088442717,-0.017280294004597033,15.889504494822209,1,-0.09851472687983014,-0.09893594449703545,0.5263157894736843,0.4273798449766488,all_field_expected_seconds_gap_residual_same_car_crossfit_v7_4,1084,22,16.0,0.7272727272727273,17.454545454545453,4.363636363636363,20.363636363636363,6.545454545454546,384.0,96.0,1798.5359682483327,1602.681519957469,0,1.0,233,-1.3332457149377839,0.5899876102108053,0.7386795515599638,-0.31129970658331496,-6.34923251302328,1790.8534900203717,1790.8534900203717,1529.893938537416,retrospective_first_five_backcast_previous_season_anchor_frozen_v7_5
stroll,2023,Qatar Grand Prix,Lance Stroll,Aston Martin,Aston Martin,16,0.0015479165049790938,0.32720199932391114,2022-2025_ground_effect,57,0.0,31.5,31.5,1.5219999999999998,losail,0.52,open_meteo_era5_air_temperature_track_proxy,17,2023-10-08,jolpica_cross_fitted_xw_xp,0.0,11,Finished,5.0,2.1666666666666665,1,prior_same_circuit_grid_movement,finished,0.4553495090148629,True,1430.5254092833218,0.0,0.43163484623324355,-0.369448567267881,-0.3088405590715632,0.0,-0.16625185527054645,-0.38605069883945403,0.0,9.866798506661544,0.011403601241443934,0.36231878863477485,13.115943015939278,0.04,0.0,0.09431711332536,-0.16625185527054645,-0.38605069883945403,0.0,-0.0047988273995892795,-0.01698208819324998,0.0,-0.015525720934151638,-0.031522299703437257,0.0,0.39054760101732816,0.028828333715715342,0.009036473768995726,0.02121973456265643,0.007047418122876081,-0.0019890556461196456,-0.014172316439780348,0.0,-0.0019890556461196456,cross_fitted,season_grid_average,example_precomputed_capabilities,0.7544969558541482,0.0,0.0,0.007047418122876081,0.34349958037973927,0.028828333715715342,0.39054760101732816,0.2,0.39999999999999997,0.004356183118567853,0.01881920825503558,-0.011403601241443934,0.11136542189154097,1.730891164253083,-1.8486061313576774,-0.11771496710459428,0.0,1430.4076943162172,revised_v3_parallel,prior_similar_races_current_season_only,field_centered_bounded_no_teammate_term,lancestroll,lance-stroll,aston-martin,aston-martin-aramco-cognizant-f1-team,aston-martin-amr23,aston-martin-amr23,exact_chassis,aston-martin-amr23,,finished,17.0,17,True,10.0,1:26.345,True,True,13.0,11.0,2.0,True,0.5789473684210525,-0.10526315789473673,0.08769755220043925,-0.45317406046446235,0.13010457183312768,0.20748253452443002,0.033690812611994955,full_same_season_static_retrospective_baseline_plus_shape_distributions_v9,constructor_lineage_regulation_and_stability_shrunk,-45.021343110386184,1385.5040661729356,1625.06666670501,-1.3992778117639815,1384.1047883611716,1383.987073394067,92ed24a23eb27611,0.3992083193559208,0.0048,0.2066420664206642,0.0,0.0,0.0,0.05922165820642978,0.7208121827411168,0.20304568527918782,0.01692047377326565,0.31365313653136534,0.36900369003690037,0.0,0.18450184501845018,0.36900369003690037,0.0,2.258744383267999,0.3447320689514457,0.07983877766703619,-0.45317406046446235,0.13010457183312768,0.20748253452443002,0.033690812611994955,full_same_season_static_retrospective_baseline_plus_shape_distributions_v9,constructor_lineage_regulation_and_stability_shrunk,high,baseline_plus_shape_distributions_v9,0.363493410493032,0.015834223756925458,full_same_season_static_retrospective,1607.285845445575,0.04269314726301064,11,11,,5259.168,57.0,0.015525649684512836,1.0,exact_seconds,,1.0,scheduled_distance_unavailable_assume_full,1601.6270957450236,0.027813419209985667,16.0,16.8,-0.5761309976624571,1.0,17.0,1.0,-0.034293511765622446,1.0,0.9176629354822471,-0.012587953869934429,0.005325530024313207,14.882316141879707,1,-0.017913483894247635,-0.018334701511452955,0.4736842105263158,0.4553495090148629,all_field_expected_seconds_gap_residual_same_car_crossfit_v7_4,1084,22,16.0,0.7272727272727273,17.454545454545453,4.363636363636363,20.363636363636363,6.545454545454546,384.0,96.0,1608.4680639430555,1663.983724660996,0,1.0,123,-1.1822184974806205,0.406534062267882,0.47044958609767995,-0.015100077082817076,-1.1792026162873162,1606.1066428292877,1606.1066428292877,1588.776490319409,retrospective_first_five_backcast_previous_season_anchor_frozen_v7_5
gasly,2023,Qatar Grand Prix,Pierre Gasly,Alpine F1 Team,Alpine F1 Team,7,0.0038694258642278617,0.47298285863343376,2022-2025_ground_effect,57,0.0,31.5,31.5,1.5219999999999998,losail,0.52,open_meteo_era5_air_temperature_track_proxy,17,2023-10-08,jolpica_cross_fitted_xw_xp,0.0,12,Finished,-5.0,2.1666666666666665,1,prior_same_circuit_grid_movement,finished,0.3857162301362882,True,1453.6600099184705,0.0,0.4516250904144489,-0.30085098743753647,0.1537629326479262,0.0,-0.1353829443468914,0.19220366580990775,0.0,9.866798506661544,0.03192725179335848,0.5741318142146901,9.09149552992089,0.0,0.0,0.0,-0.1353829443468914,0.19220366580990775,0.0,-0.010695873171921347,-0.02396237633590073,0.0,-0.020445740586942818,0.026950198128982472,0.0,0.5702291396894662,0.059653851399616147,0.0316298800799668,0.04489638324394619,0.024995601891794065,-0.006634278188172738,-0.019900781352152123,0.0,-0.006634278188172738,cross_fitted,season_grid_average,example_precomputed_capabilities,0.7544969558541482,0.0,0.0,0.024995601891794065,0.5767335972315059,0.059653851399616147,0.5702291396894662,0.2,0.39999999999999997,0.006931649901564415,-0.002601783016815795,-0.03192725179335848,-0.15307918263574272,-3.5216793304839724,-1.8486061313576778,-5.37028546184165,0.0,1448.2897244566288,revised_v3_parallel,prior_similar_races_current_season_only,field_centered_bounded_no_teammate_term,pierregasly,pierre-gasly,alpine,bwt-alpine-f1-team,alpine-a523,alpine-a523,exact_chassis,alpine-a523,,finished,7.0,7,True,23.0,1:24.553,True,True,6.0,12.0,-6.0,True,0.5789473684210525,-0.1578947368421052,-0.0050971233181763866,0.35794465628513283,0.13010457183312768,0.060974897597920186,0.022167603672475316,full_same_season_static_retrospective_baseline_plus_shape_distributions_v9,constructor_lineage_regulation_and_stability_shrunk,36.10448557366583,1489.7644954921363,1677.6834926641911,1.3643974801322813,1491.1288929722687,1485.758607510427,92ed24a23eb27611,0.3992083193559208,0.0048,0.2066420664206642,0.0,0.0,0.0,0.05922165820642978,0.7208121827411168,0.20304568527918782,0.01692047377326565,0.31365313653136534,0.36900369003690037,0.0,0.18450184501845018,0.36900369003690037,0.0,2.258744383267999,0.3447320689514457,0.006077695483820479,0.35794465628513283,0.13010457183312768,0.060974897597920186,0.022167603672475316,full_same_season_static_retrospective_baseline_plus_shape_distributions_v9,constructor_lineage_regulation_and_stability_shrunk,high,baseline_plus_shape_distributions_v9,0.03786053321750828,0.006245080343282086,full_same_season_static_retrospective,1673.706874423378,0.027394049953253344,12,12,,5259.168,57.0,0.015648863090131367,1.0,exact_seconds,,1.0,scheduled_distance_unavailable_assume_full,1661.5331686018885,0.035020254081376614,16.0,16.8,-1.7176199044221834,1.0,17.0,1.0,-0.10223928002512996,1.0,0.9176629354822471,-0.037528479131780895,-0.0026132953063270374,10.29871978841981,1,-0.03491518382545386,-0.03533640144265918,0.42105263157894735,0.3857162301362882,all_field_expected_seconds_gap_residual_same_car_crossfit_v7_4,1084,22,16.0,0.7272727272727273,17.454545454545453,4.363636363636363,20.363636363636363,6.545454545454546,384.0,96.0,1672.8055008563574,1663.983724660996,0,1.0,109,0.901373567020567,0.4704590596831429,0.5058875166052476,-0.12017128646895936,-3.0131728164817995,1670.6937016068962,1670.6937016068962,1608.3093413212569,retrospective_first_five_backcast_previous_season_anchor_frozen_v7_5
albon,2023,Qatar Grand Prix,Alexander Albon,Williams,Williams,13,0.0011431406790850963,0.2804708756159809,2022-2025_ground_effect,57,0.0,31.5,31.5,1.5219999999999998,losail,0.52,open_meteo_era5_air_temperature_track_proxy,17,2023-10-08,jolpica_cross_fitted_xw_xp,0.0,13,Finished,0.0,2.1666666666666665,1,prior_same_circuit_grid_movement,finished,0.3370023712456712,True,1446.8960766289354,0.0,0.4457784331799813,-0.3209070697150521,-0.7720143901601877,0.0,-0.14440818137177347,-0.9650179877002346,0.0,9.866798506661544,0.011691584088512038,0.35862963138931364,13.186037003603042,0.02,0.0,0.05880602015151773,-0.14440818137177347,-0.9650179877002346,0.0,-0.005319863180675466,-0.02598572615790528,0.0,-0.012353063628387534,-0.1394260882798388,0.0,0.4496971225342494,0.03673605555937663,0.006803163760850395,0.027469026738080205,0.005430466220795889,-0.0013726975400545063,-0.022038560517284318,0.0,-0.0013726975400545063,cross_fitted,season_grid_average,example_precomputed_capabilities,0.7544969558541482,6.938893903907228e-18,0.0,0.005430466220795889,0.2979179706260231,0.03673605555937663,0.4496971225342494,0.2,0.39999999999999997,0.006261117867716149,0.06071166076329054,-0.011691584088512038,0.009791421242265341,-0.10435243576351277,-1.8486061313576774,-1.9529585671211902,0.0,1444.9431180618142,revised_v3_parallel,prior_similar_races_current_season_only,field_centered_bounded_no_teammate_term,alexanderalbon,alexander-albon,williams,williams-racing,williams-fw45,williams-fw45,exact_chassis,williams-fw45,,finished,14.0,14,True,15.0,1:25.707,True,True,12.0,13.0,-1.0,True,0.5789473684210525,-0.21052631578947356,-0.17682150091844542,-1.344166688062701,0.13010457183312768,-0.7723251367552111,0.002049866538848099,full_same_season_static_retrospective_baseline_plus_shape_distributions_v9,constructor_lineage_regulation_and_stability_shrunk,15.242268527900555,1462.1383451568358,1596.3627375530239,-0.3173914903250237,1461.8209536665108,1459.8679950993896,92ed24a23eb27611,0.3992083193559208,0.0048,0.2066420664206642,0.0,0.0,0.0,0.05922165820642978,0.7208121827411168,0.20304568527918782,0.01692047377326565,0.31365313653136534,0.36900369003690037,0.0,0.18450184501845018,0.36900369003690037,0.0,2.258744383267999,0.3447320689514457,-0.18989274653770843,-1.344166688062701,0.13010457183312768,-0.7723251367552111,0.002049866538848099,full_same_season_static_retrospective_baseline_plus_shape_distributions_v9,constructor_lineage_regulation_and_stability_shrunk,high,baseline_plus_shape_distributions_v9,-0.9335174381751549,0.00038923514822758416,full_same_season_static_retrospective,1657.7700347380096,0.017378845242972125,13,13,,5259.168,57.0,0.017305779165069455,1.0,exact_seconds,,1.0,scheduled_distance_unavailable_assume_full,1577.155813988237,0.02531503011868943,16.0,14.8,-0.8464343864491993,0.0,17.0,1.0,-0.057191512597918874,1.0,0.9176629354822471,-0.020993012534110463,0.010004451234592027,10.813372442097569,1,-0.03099746376870249,-0.03141868138590781,0.368421052631579,0.3370023712456712,all_field_expected_seconds_gap_residual_same_car_crossfit_v7_4,1084,22,16.0,0.7272727272727273,17.454545454545453,4.363636363636363,20.363636363636363,6.545454545454546,384.0,96.0,1658.1487484934407,1656.5260774244935,0,1.0,68,-0.3787137554310711,0.45497852738942646,0.4196463718927211,-0.08264400064704991,-2.3581511003175617,1655.411883637692,1655.411883637692,1643.4363621835641,retrospective_first_five_backcast_previous_season_anchor_frozen_v7_5
kevin_magnussen,2023,Qatar Grand Prix,Kevin Magnussen,Haas F1 Team,Haas F1 Team,18,0.0007316605140146284,0.2160017359486063,2022-2025_ground_effect,57,0.0,31.5,31.5,1.5219999999999998,losail,0.52,open_meteo_era5_air_temperature_track_proxy,17,2023-10-08,jolpica_cross_fitted_xw_xp,0.0,14,Lapped,4.0,2.1666666666666665,1,prior_same_circuit_grid_movement,finished,0.33397453750496,True,1258.9158411115,0.0,0.28932035555040025,-0.878296817469882,-0.29382311138108325,0.0,-0.3952335678614469,-0.36727888922635404,0.0,9.866798506661544,0.00907655852313227,0.31559508050417695,14.003693470420638,0.0,0.0,0.0,-0.3952335678614469,-0.36727888922635404,0.0,-0.005911788058435187,-0.013400778203682684,0.0,-0.045104758571775455,-0.016395860630386866,0.0,0.35249545202547433,0.024526611532826568,0.007820375751321926,0.015309365896569423,0.0052140452707086955,-0.0026063304806132302,-0.010095320625860727,0.0,-0.0026063304806132302,cross_fitted,season_grid_average,example_precomputed_capabilities,0.7544969558541482,0.0,0.0,0.0052140452707086955,0.290994832823312,0.024526611532826568,0.35249545202547433,0.2,0.39999999999999997,0.003862513252423575,0.02460024768086494,-0.00907655852313227,0.00019439318003355854,-0.21433832731457042,-1.8486061313576772,-2.0629444586722476,0.0,1256.8528966528277,revised_v3_parallel,prior_similar_races_current_season_only,field_centered_bounded_no_teammate_term,kevinmagnussen,kevin-magnussen,haas,moneygram-haas-f1-team,haas-vf-23,haas-vf-23,exact_chassis,haas-vf-23,,finished,19.0,19,True,9.0,1:27.046,True,True,15.0,14.0,1.0,True,0.5789473684210525,-0.26315789473684204,-0.274314378742431,-1.0347808406680796,0.13010457183312768,-1.0168887974401333,0.0010192034305837468,full_same_season_static_retrospective_baseline_plus_shape_distributions_v9,constructor_lineage_regulation_and_stability_shrunk,27.39272451321416,1286.3085656247142,1468.6859739077863,-0.965257524436409,1285.343308100278,1283.2803636416056,92ed24a23eb27611,0.3992083193559208,0.0048,0.2066420664206642,0.0,0.0,0.0,0.05922165820642978,0.7208121827411168,0.20304568527918782,0.01692047377326565,0.31365313653136534,0.36900369003690037,0.0,0.18450184501845018,0.36900369003690037,0.0,2.258744383267999,0.3447320689514457,-0.2760432838008163,-1.0347808406680796,0.13010457183312768,-1.0168887974401333,0.0010192034305837468,full_same_season_static_retrospective_baseline_plus_shape_distributions_v9,constructor_lineage_regulation_and_stability_shrunk,high,baseline_plus_shape_distributions_v9,-1.3381275879884027,0.00012250534426391124,full_same_season_static_retrospective,1548.989739582532,0.003945157786136403,14,14,1.0,5259.168,57.0,0.017543859649122806,0.7,lap_equivalent,,1.0,scheduled_distance_unavailable_assume_full,1435.0526753271752,0.014655970012891154,13.0,9.1,0.8194967306938477,0.0,17.0,1.0,0.09005458579053272,0.8125,0.9176629354822471,0.029796187602797692,0.011189906164842923,14.713317279253333,1,0.01860628143795477,0.01818506382074945,0.3157894736842105,0.33397453750496,all_field_expected_seconds_gap_residual_same_car_crossfit_v7_4,1084,22,16.0,0.7272727272727273,17.454545454545453,4.363636363636363,20.363636363636363,6.545454545454546,384.0,96.0,1550.037077702997,1617.107438313723,0,1.0,134,-1.0473381204651044,0.35250602675061615,0.29581473130758534,0.038159806197374635,-0.2495755626694245,1548.7401640198625,1548.7401640198625,1612.2243689365162,retrospective_first_five_backcast_previous_season_anchor_frozen_v7_5
tsunoda,2023,Qatar Grand Prix,Yuki Tsunoda,AlphaTauri,AlphaTauri,11,0.0011858088230817286,0.28601872940143763,2022-2025_ground_effect,57,0.0,31.5,31.5,1.5219999999999998,losail,0.52,open_meteo_era5_air_temperature_track_proxy,17,2023-10-08,jolpica_cross_fitted_xw_xp,0.0,15,Lapped,-4.0,2.1666666666666665,1,prior_same_circuit_grid_movement,finished,0.26505352139355076,True,1396.813649704763,0.0,0.40262483827861734,-0.4694090185150093,-0.8466439455707883,0.0,-0.2112340583317542,-1.0583049319634854,0.0,9.866798506661544,0.013144445828855681,0.3785344876729275,12.807844734214378,0.02,0.0,0.05880602015151773,-0.2112340583317542,-1.0583049319634854,0.0,-0.007059775827121346,-0.03048365691634009,0.0,-0.02275759353890927,-0.16287061536105163,0.0,0.48991141301290403,0.04317919202362483,0.00734624964481797,0.030770130734036713,0.005635759280163393,-0.0017104903646545768,-0.02513437145387332,0.0,-0.0017104903646545768,cross_fitted,season_grid_average,example_precomputed_capabilities,0.7544969558541482,0.0,0.0,0.005635759280163393,0.30428320411294313,0.04317919202362483,0.48991141301290403,0.2,0.39999999999999997,0.007508686548692288,0.0742512835599844,-0.013144445828855681,-0.11537659293608538,-2.392245372742073,-1.8486061313576774,-4.2408515040997505,0.0,1392.5727982006633,revised_v3_parallel,prior_similar_races_current_season_only,field_centered_bounded_no_teammate_term,yukitsunoda,yuki-tsunoda,alphatauri,scuderia-alphatauri,alphatauri-at04,alphatauri-at04,exact_chassis,alphatauri-at04,,finished,11.0,11,True,16.0,1:25.301,True,True,10.0,15.0,-5.0,True,0.5789473684210525,-0.3157894736842104,-0.20435246802898865,-0.8302933669090762,0.13010457183312768,-0.7649455309576627,0.0020935459937498446,full_same_season_static_retrospective_baseline_plus_shape_distributions_v9,constructor_lineage_regulation_and_stability_shrunk,-0.08546342385443229,1396.7281862809086,1541.422745335166,0.9693781776290822,1397.6975644585377,1393.456712954438,92ed24a23eb27611,0.3992083193559208,0.0048,0.2066420664206642,0.0,0.0,0.0,0.05922165820642978,0.7208121827411168,0.20304568527918782,0.01692047377326565,0.31365313653136534,0.36900369003690037,0.0,0.18450184501845018,0.36900369003690037,0.0,2.258744383267999,0.3447320689514457,-0.20581428809686972,-0.8302933669090762,0.13010457183312768,-0.7649455309576627,0.0020935459937498446,full_same_season_static_retrospective_baseline_plus_shape_distributions_v9,constructor_lineage_regulation_and_stability_shrunk,high,baseline_plus_shape_distributions_v9,-0.9986731173088383,0.00032312025870597335,full_same_season_static_retrospective,1603.142123140431,-0.0015094718638766214,15,15,1.0,5259.168,57.0,0.017543859649122806,0.7,lap_equivalent,,1.0,scheduled_distance_unavailable_assume_full,1518.2723528389242,0.02018467079136238,13.0,9.1,-0.036756359881195105,0.0,17.0,1.0,-0.004039160426504957,0.8125,0.9176629354822471,-0.001336429241991921,-0.0036532735159058582,14.561936627962165,3,0.0023168442739139373,0.0018956266567086177,0.26315789473684215,0.26505352139355076,all_field_expected_seconds_gap_residual_same_car_crossfit_v7_4,1084,22,16.0,0.7272727272727273,17.454545454545453,4.363636363636363,20.363636363636363,6.545454545454546,384.0,96.0,1602.618387811779,1701.877122563602,0,1.0,52,0.523735328651989,0.4026142574045568,0.3526564135851852,-0.08760289219163442,-2.4447062981866736,1600.6974168422444,1600.6974168422444,1633.882132844924,retrospective_first_five_backcast_previous_season_anchor_frozen_v7_5
hulkenberg,2023,Qatar Grand Prix,Nico Hülkenberg,Haas F1 Team,Haas F1 Team,14,0.0008575783824420506,0.23821816141893884,2022-2025_ground_effect,57,0.0,31.5,31.5,1.5219999999999998,losail,0.52,open_meteo_era5_air_temperature_track_proxy,17,2023-10-08,jolpica_cross_fitted_xw_xp,0.0,16,Lapped,-2.0,2.1666666666666665,1,prior_same_circuit_grid_movement,finished,0.1866152763632412,True,1223.2806040782748,0.0,0.2623981912024772,-0.9839606694512284,-0.29382311138108325,0.0,-0.4427823012530528,-0.36727888922635404,0.0,9.866798506661544,0.012355428182374544,0.37687469770123233,12.839380743676587,0.04,0.0,0.09431711332536,-0.4427823012530528,-0.36727888922635404,0.0,-0.00863843373969608,-0.018272949675777223,0.0,-0.05707444915403131,-0.03108582186147124,0.0,0.42977086031053385,0.033884534914753184,0.010804174675229518,0.02043869061131066,0.006973151499279883,-0.0038310231759496344,-0.013465539112030777,0.0,-0.0038310231759496344,cross_fitted,season_grid_average,example_precomputed_capabilities,0.7544969558541482,3.469446951953614e-18,0.0,0.006973151499279883,0.3416105892950313,0.033884534914753184,0.42977086031053385,0.2,0.39999999999999997,0.005382276683094661,0.035264108406201033,-0.012355428182374544,-0.16634838191175866,-3.2908011507886448,-1.8486061313576778,-5.139407282146323,0.0,1218.1411967961285,revised_v3_parallel,prior_similar_races_current_season_only,field_centered_bounded_no_teammate_term,nicohulkenberg,nico-hulkenberg,haas,moneygram-haas-f1-team,haas-vf-23,haas-vf-23,exact_chassis,haas-vf-23,,finished,15.0,15,True,12.0,1:25.783,True,True,11.0,16.0,-5.0,True,0.5789473684210525,-0.36842105263157887,-0.274314378742431,-1.0347808406680796,0.13010457183312768,-1.0168887974401333,0.0010192034305837468,full_same_season_static_retrospective_baseline_plus_shape_distributions_v9,constructor_lineage_regulation_and_stability_shrunk,151.55923478724247,1374.8398388655173,1516.255091796227,-0.07068014364545866,1374.769158721872,1369.6297514397256,92ed24a23eb27611,0.3992083193559208,0.0048,0.2066420664206642,0.0,0.0,0.0,0.05922165820642978,0.7208121827411168,0.20304568527918782,0.01692047377326565,0.31365313653136534,0.36900369003690037,0.0,0.18450184501845018,0.36900369003690037,0.0,2.258744383267999,0.3447320689514457,-0.2760432838008163,-1.0347808406680796,0.13010457183312768,-1.0168887974401333,0.0010192034305837468,full_same_season_static_retrospective_baseline_plus_shape_distributions_v9,constructor_lineage_regulation_and_stability_shrunk,high,baseline_plus_shape_distributions_v9,-1.3381275879884027,0.00012250534426391124,full_same_season_static_retrospective,1597.3057920556362,0.01218493511394973,16,16,1.0,5259.168,57.0,0.017543859649122806,0.7,lap_equivalent,,1.0,scheduled_distance_unavailable_assume_full,1500.2764158418343,0.0188348391716922,13.0,9.1,0.1862925831203529,0.0,17.0,1.0,0.020471712430808014,0.8125,0.9176629354822471,0.006773436119707379,0.030263257928734518,13.161825056447482,1,-0.023489821809027138,-0.023911039426232458,0.21052631578947367,0.1866152763632412,all_field_expected_seconds_gap_residual_same_car_crossfit_v7_4,1084,22,16.0,0.7272727272727273,17.454545454545453,4.363636363636363,20.363636363636363,6.545454545454546,384.0,96.0,1597.6061955914377,1620.2370334728191,0,1.0,176,-0.3004035358015024,0.3971113336489582,0.343984325249389,-0.15736904888614778,-3.662442851399997,1593.643349204236,1593.643349204236,1539.7844025236232,retrospective_first_five_backcast_previous_season_anchor_frozen_v7_5
lawson,2023,Qatar Grand Prix,Liam Lawson,AlphaTauri,AlphaTauri,17,0.002046372771387736,0.3714390575832165,2022-2025_ground_effect,57,0.0,31.5,31.5,1.5219999999999998,losail,0.52,open_meteo_era5_air_temperature_track_proxy,17,2023-10-08,jolpica_cross_fitted_xw_xp,0.0,17,Lapped,0.0,2.1666666666666665,1,prior_same_circuit_grid_movement,finished,0.10741620614528767,True,1501.604002707782,0.0,0.49295344620425097,-0.15868981834635768,-0.8466439455707883,0.0,-0.07141041825586096,-1.0583049319634854,0.0,9.866798506661544,0.00834358683361238,0.29166752594191636,14.45831700710359,0.0,0.0,0.0,-0.07141041825586096,-1.0583049319634854,0.0,-0.0031884629439739754,-0.019620334864925152,0.0,0.00020926862169638738,-0.1330160025850462,0.0,0.3713515663199263,0.02659062508073168,0.004523970016574994,0.02095584193752617,0.003781827271832554,-0.0007421427447424403,-0.017174014665693616,0.0,-0.0007421427447424403,cross_fitted,season_grid_average,example_precomputed_capabilities,0.7544969558541482,0.0,-2.7755575615628914e-17,0.003781827271832554,0.23854483235657645,0.02659062508073168,0.3713515663199263,0.2,0.39999999999999997,0.004561759561779826,0.053122693585339914,-0.00834358683361238,-0.13377278909981105,-2.608156287803296,-1.8486061313576778,-4.456762419160974,0.0,1497.147240288621,revised_v3_parallel,prior_similar_races_current_season_only,field_centered_bounded_no_teammate_term,liamlawson,liam-lawson,alphatauri,scuderia-alphatauri,alphatauri-at04,alphatauri-at04,exact_chassis,alphatauri-at04,,finished,18.0,18,True,10.0,1:26.635,True,True,14.0,17.0,-3.0,True,0.5789473684210525,-0.42105263157894723,-0.20435246802898865,-0.8302933669090762,0.13010457183312768,-0.7649455309576627,0.0020935459937498446,full_same_season_static_retrospective_baseline_plus_shape_distributions_v9,constructor_lineage_regulation_and_stability_shrunk,-1.1365492814097085,1500.4674534263722,1619.3516775723806,-1.7449920702456359,1498.7224613561266,1494.2656989369657,92ed24a23eb27611,0.3992083193559208,0.0048,0.2066420664206642,0.0,0.0,0.0,0.05922165820642978,0.7208121827411168,0.20304568527918782,0.01692047377326565,0.31365313653136534,0.36900369003690037,0.0,0.18450184501845018,0.36900369003690037,0.0,2.258744383267999,0.3447320689514457,-0.20581428809686972,-0.8302933669090762,0.13010457183312768,-0.7649455309576627,0.0020935459937498446,full_same_season_static_retrospective_baseline_plus_shape_distributions_v9,constructor_lineage_regulation_and_stability_shrunk,high,baseline_plus_shape_distributions_v9,-0.9986731173088383,0.00032312025870597335,full_same_season_static_retrospective,1679.1583617396327,0.0,17,17,1.0,5259.168,57.0,0.017543859649122806,0.7,lap_equivalent,,1.0,scheduled_distance_unavailable_assume_full,1618.8996487412721,0.029723902073586727,13.0,9.1,-0.9697631398645234,0.0,17.0,1.0,-0.1065673780070905,0.8125,0.9176629354822471,-0.03525974340521968,0.014797569674392637,24.061084186698523,3,-0.050057313079612316,-0.05047853069681764,0.1578947368421053,0.10741620614528767,all_field_expected_seconds_gap_residual_same_car_crossfit_v7_4,1084,22,16.0,0.7272727272727273,17.454545454545453,4.363636363636363,20.363636363636363,6.545454545454546,384.0,96.0,1680.5473200489937,1717.4204273567252,0,1.0,4,-1.388958309361068,0.47576629754771077,0.42231758191305657,-0.3149013757677689,-6.412098011515566,1672.7462637281171,1672.7462637281171,1683.5603175535723,retrospective_first_five_backcast_previous_season_anchor_frozen_v7_5
sargeant,2023,Qatar Grand Prix,Logan Sargeant,Williams,Williams,15,0.0002567962844645419,0.09621427400307335,2022-2025_ground_effect,57,0.0,31.5,31.5,1.5219999999999998,losail,0.52,open_meteo_era5_air_temperature_track_proxy,17,2023-10-08,jolpica_cross_fitted_xw_xp,0.0,18,Retired,-3.0,2.1666666666666665,1,prior_same_circuit_grid_movement,other,0.10526315789473684,False,1468.3703873686839,0.0,0.46433592501437476,-0.25723249981418056,-0.7720143901601877,0.0,-0.11575462491638125,-0.9650179877002346,0.0,9.866798506661544,0.010013608901870356,0.3282435444401157,13.763372655637802,0.0,0.0,0.0,-0.11575462491638125,-0.9650179877002346,0.0,-0.004240826207440505,-0.022310105892460155,0.0,-0.007012421232438282,-0.12931021317481856,0.0,0.41003712508446977,0.031254354581790884,0.005788005522692439,0.02385728520771209,0.004703422481890224,-0.001084583040802215,-0.019153862725821865,0.0,-0.001084583040802215,cross_fitted,season_grid_average,example_precomputed_capabilities,0.7544969558541482,0.0,0.0,0.004703422481890224,0.27371449067721293,0.031254354581790884,0.41003712508446977,0.2,0.39999999999999997,0.005310186419980132,0.05452905376290279,-0.010013608901870356,-0.22298038654537888,0.0,0.0,0.0,0.0,1468.3703873686839,revised_v3_parallel,prior_similar_races_current_season_only,field_centered_bounded_no_teammate_term,logansargeant,logan-sargeant,williams,williams-racing,williams-fw45,williams-fw45,exact_chassis,williams-fw45,Unwell,other,16.0,16,True,10.0,1:26.210,True,False,,,,False,0.5789473684210525,,-0.17682150091844542,-1.344166688062701,0.13010457183312768,-0.7723251367552111,0.002049866538848099,full_same_season_static_retrospective_baseline_plus_shape_distributions_v9,constructor_lineage_regulation_and_stability_shrunk,-18.42879166223974,1449.941595706444,1509.9485767890005,-0.8891194247687678,1449.0524762816754,1449.0524762816754,92ed24a23eb27611,0.3992083193559208,0.0048,0.2066420664206642,0.0,0.0,0.0,0.05922165820642978,0.7208121827411168,0.20304568527918782,0.01692047377326565,0.31365313653136534,0.36900369003690037,0.0,0.18450184501845018,0.36900369003690037,0.0,2.258744383267999,0.3447320689514457,-0.18989274653770843,-1.344166688062701,0.13010457183312768,-0.7723251367552111,0.002049866538848099,full_same_season_static_retrospective_baseline_plus_shape_distributions_v9,constructor_lineage_regulation_and_stability_shrunk,high,baseline_plus_shape_distributions_v9,-0.9335174381751549,0.00038923514822758416,full_same_season_static_retrospective,1571.2278294999055,-0.0531213775127828,18,DNF,,5259.168,57.0,,0.0,unavailable,,1.0,scheduled_distance_unavailable_assume_full,1480.9992250675177,0.017488880183276597,0.0,0.0,0.0,0.0,,0.0,,0.0,0.0,0.0,0.013029320053983863,13.490524831192298,1,-0.013029320053983863,0.0,0.10526315789473684,0.10526315789473684,all_field_expected_seconds_gap_residual_same_car_crossfit_v7_4,1084,22,16.0,0.7272727272727273,17.454545454545453,4.363636363636363,20.363636363636363,6.545454545454546,384.0,96.0,1571.7345877294174,1717.4204273567252,0,1.0,12,-0.5067582295119524,0.37280885608380754,0.27316508193779654,-0.1679019240430597,0.0,1571.2278294999055,1571.2278294999055,1598.8684386941663,retrospective_first_five_backcast_previous_season_anchor_frozen_v7_5
hamilton,2023,Qatar Grand Prix,Lewis Hamilton,Mercedes,Mercedes,3,0.13491074642456902,0.8952602321262756,2022-2025_ground_effect,57,0.0,31.5,31.5,1.5219999999999998,losail,0.52,open_meteo_era5_air_temperature_track_proxy,17,2023-10-08,jolpica_cross_fitted_xw_xp,0.0,19,Retired,-16.0,2.1666666666666665,1,prior_same_circuit_grid_movement,other,0.052631578947368474,False,2694.2137236734698,0.0,0.9836398965220141,3.3775778627172,-0.37218309713435804,0.0,1.51991003822274,-0.46522887141794755,0.0,9.866798506661544,0.06323464900543305,0.6913084092048438,6.865140225107967,0.06,0.0,0.12582799404508693,1.51991003822274,-0.46522887141794755,0.0,0.07812040332309228,-0.10209494105883374,0.0,0.18484611589232297,-0.11183968050845933,0.0,0.6475045479745256,0.08241427919402622,0.02403944612393581,0.20425479050586184,0.058439741458284754,0.03440029533434895,-0.14581504904757708,0.0,0.03440029533434895,cross_fitted,season_grid_average,example_precomputed_capabilities,0.7544969558541482,-6.938893903907228e-18,0.0,0.058439741458284754,0.7205109833583893,0.08241427919402622,0.6475045479745256,0.2,0.39999999999999997,0.004794907547148293,-0.029202574153545435,-0.06323464900543305,-0.6386768302574753,0.0,0.0,0.0,0.0,2694.2137236734698,revised_v3_parallel,prior_similar_races_current_season_only,field_centered_bounded_no_teammate_term,lewishamilton,lewis-hamilton,mercedes,mercedes-amg-petronas-f1-team,mercedes-f1-w14,mercedes-f1-w14,exact_chassis,mercedes-f1-w14,Collision,driver_fault,3.0,3,True,20.0,1:24.305,True,False,,,,False,0.5789473684210525,,0.19001437887576042,1.1691737996136935,0.13010457183312768,0.7658124229883859,0.16607731453753066,full_same_season_static_retrospective_baseline_plus_shape_distributions_v9,constructor_lineage_regulation_and_stability_shrunk,35.71456765633278,2729.9282913298025,1967.5308806755831,-0.5174125299847707,2729.4108787998175,2729.4108787998175,92ed24a23eb27611,0.3992083193559208,0.0048,0.2066420664206642,0.0,0.0,0.0,0.05922165820642978,0.7208121827411168,0.20304568527918782,0.01692047377326565,0.31365313653136534,0.36900369003690037,0.0,0.18450184501845018,0.36900369003690037,0.0,2.258744383267999,0.3447320689514457,0.1940847954784525,1.1691737996136935,0.13010457183312768,0.7658124229883859,0.16607731453753066,full_same_season_static_retrospective_baseline_plus_shape_distributions_v9,constructor_lineage_regulation_and_stability_shrunk,high,baseline_plus_shape_distributions_v9,1.012279110631408,0.10107341025544475,full_same_season_static_retrospective,1906.9781144333024,0.02194655674152312,19,DNF,,5259.168,57.0,,0.0,unavailable,,1.0,scheduled_distance_unavailable_assume_full,2030.9511797870127,0.14500454499342247,0.0,0.0,0.0,0.0,,0.0,,0.0,0.0,0.0,0.009869312638904225,13.161232945140904,1,-0.009869312638904225,0.0,0.052631578947368474,0.052631578947368474,all_field_expected_seconds_gap_residual_same_car_crossfit_v7_4,1084,22,16.0,0.7272727272727273,17.454545454545453,4.363636363636363,20.363636363636363,6.545454545454546,384.0,96.0,1906.2658868365122,1558.676015835862,0,1.0,311,0.712227596790222,0.6891698349198605,0.7539378166978493,-0.7013062377504808,0.0,1906.9781144333024,1906.9781144333024,1686.4110045328134,retrospective_first_five_backcast_previous_season_anchor_frozen_v7_5
sainz,2023,Qatar Grand Prix,Carlos Sainz,Ferrari,Ferrari,12,0.007205872265839793,0.5679935903796949,2022-2025_ground_effect,57,0.0,31.5,31.5,1.5219999999999998,losail,0.52,open_meteo_era5_air_temperature_track_proxy,17,2023-10-08,jolpica_cross_fitted_xw_xp,0.0,20,Did not start,-8.0,2.1666666666666665,1,prior_same_circuit_grid_movement,dns,,False,1267.0207662825323,0.0,0.2956087465713532,-0.8542644920276974,1.9836603871742142,0.0,-0.3844190214124638,2.4795754839677677,0.0,9.866798506661544,0.08931494073846376,0.6674976423961512,7.317544794473128,0.08,0.0048013617144565535,0.15519863828554345,-0.3844190214124638,2.4795754839677677,0.0,-0.04099453934213582,0.10285378626771051,0.0,-0.05471326076037747,0.38427215218856214,0.0,0.4697623075392403,0.039827543198003995,0.1689027708042101,0.025054445194363752,0.10168679012357869,-0.06721598068063141,0.07663234492921493,0.0,-0.06721598068063141,cross_fitted,season_grid_average,example_precomputed_capabilities,0.7544969558541482,6.938893903907228e-18,5.551115123125783e-17,0.10168679012357869,0.799321198967425,0.039827543198003995,0.4697623075392403,0.2,0.39999999999999997,-0.01237184938511493,-0.13182355657127387,-0.08931494073846376,,0.0,0.0,0.0,0.0,1267.0207662825323,revised_v3_parallel,prior_similar_races_current_season_only,field_centered_bounded_no_teammate_term,carlossainz,carlos-sainz-jr,ferrari,scuderia-ferrari,ferrari-sf-23,ferrari-sf-23,exact_chassis,ferrari-sf-23,Fuel leak,mechanical,12.0,12,True,18.0,1:25.328,True,,,,,False,0.5789473684210525,,0.1870633270188028,1.1187690946696842,0.13010457183312768,0.7284164850480299,0.1492477822972199,full_same_season_static_retrospective_baseline_plus_shape_distributions_v9,constructor_lineage_regulation_and_stability_shrunk,173.91468506356767,1440.9354513461,1843.6956272507396,-0.3540603215547695,1440.5813910245454,1440.5813910245454,92ed24a23eb27611,0.3992083193559208,0.0048,0.2066420664206642,0.0,0.0,0.0,0.05922165820642978,0.7208121827411168,0.20304568527918782,0.01692047377326565,0.31365313653136534,0.36900369003690037,0.0,0.18450184501845018,0.36900369003690037,0.0,2.258744383267999,0.3447320689514457,0.18437054999118502,1.1187690946696842,0.13010457183312768,0.7284164850480299,0.1492477822972199,full_same_season_static_retrospective_baseline_plus_shape_distributions_v9,constructor_lineage_regulation_and_stability_shrunk,high,baseline_plus_shape_distributions_v9,0.9931507535290655,0.09569773573749071,full_same_season_static_retrospective,1784.511434411797,0.047916549580480305,20,DNS,,5259.168,57.0,,0.0,unavailable,,1.0,scheduled_distance_unavailable_assume_full,1837.2473633055251,0.06883762069619936,0.0,0.0,0.0,0.0,,0.0,,0.0,0.0,0.0,-0.01255274144694357,12.494902822364823,1,0.01255274144694357,0.0,,,all_field_expected_seconds_gap_residual_same_car_crossfit_v7_4,1084,22,16.0,0.7272727272727273,17.454545454545453,4.363636363636363,20.363636363636363,6.545454545454546,384.0,96.0,1785.4223084468972,1629.7265680024072,0,1.0,157,-0.9108740351002189,0.5779278062605252,0.6768690059270372,,0.0,1784.511434411797,1784.511434411797,1617.6557502027053,retrospective_first_five_backcast_previous_season_anchor_frozen_v7_5
